Model	Replicate	log-likelihood	AIC	chi-squared	theta	optimized_params( )
sym_mig	Round_1_Replicate_1	-6978.37	13964.74	1240822729.53	187.46	5.321,2.4166,0.4888,0.3064
sym_mig	Round_1_Replicate_2	-714.28	1436.56	1044.34	315.45	0.2626,0.6269,0.3954,2.5418
sym_mig	Round_1_Replicate_3	-2774.14	5556.28	271217.62	278.27	1.0484,0.5737,1.1983,0.5543
sym_mig	Round_1_Replicate_4	-2304.93	4617.86	44891.79	240.09	2.8299,0.2305,0.9892,0.9586
sym_mig	Round_1_Replicate_5	-9330.52	18669.04	94936375615.0	187.65	1.439,8.0468,2.6495,0.2627
sym_mig	Round_1_Replicate_6	-3770.84	7549.68	1420736.56	210.74	4.1126,0.2456,2.2399,8.4719
sym_mig	Round_1_Replicate_7	-9081.19	18170.38	95963614782.0	191.9	1.6057,1.4275,4.561,0.6693
sym_mig	Round_1_Replicate_8	-526.31	1060.62	637.43	150.6	1.2955,0.5402,0.1044,6.6454
sym_mig	Round_1_Replicate_9	-3920.61	7849.22	2997664.43	192.0	2.4804,0.7473,1.1862,0.9897
sym_mig	Round_1_Replicate_10	-10345.5	20699.0	8.58017048325e+11	162.25	7.1093,1.4445,3.9261,0.5712
sym_mig	Round_1_Replicate_11	-4599.71	9207.42	13103223.99	105.64	2.2466,3.3767,0.599,1.8271
sym_mig	Round_1_Replicate_12	-4413.36	8834.72	6629566.41	443.18	0.1472,0.9188,4.9085,2.9282
sym_mig	Round_1_Replicate_13	-4470.54	8949.08	10581887.57	257.31	0.6461,1.0282,2.1399,0.6416
sym_mig	Round_1_Replicate_14	-5920.67	11849.34	127182049.61	186.53	0.3046,3.6637,3.622,8.489
sym_mig	Round_1_Replicate_15	-649.95	1307.9	915.01	432.18	0.4626,0.2255,0.1303,0.2546
sym_mig	Round_1_Replicate_16	-1993.85	3995.7	35281.11	191.87	0.5665,1.5511,0.5848,1.7415
sym_mig	Round_1_Replicate_17	-11040.74	22089.48	2.65859998271e+12	110.17	7.6187,3.1277,2.4633,0.9357
sym_mig	Round_1_Replicate_18	-4926.88	9861.76	29657428.21	127.79	1.7639,1.4849,1.2923,3.5299
sym_mig	Round_1_Replicate_19	-474.99	957.98	405.71	450.3	0.385,0.2376,0.3996,1.0246
sym_mig	Round_1_Replicate_20	-1728.07	3464.14	11538.94	451.45	0.7178,0.0951,1.7894,0.2205
sym_mig	Round_2_Replicate_1	-634.77	1277.54	896.52	263.28	1.1037,0.4268,0.1194,1.1347
sym_mig	Round_2_Replicate_2	-1355.35	2718.7	4712.14	320.41	1.0474,0.1517,0.7699,3.6985
sym_mig	Round_2_Replicate_3	-452.96	913.92	413.61	614.63	0.1772,0.1811,0.5106,1.6734
sym_mig	Round_2_Replicate_4	-714.73	1437.46	1090.19	290.82	1.1036,0.3815,0.0952,0.6967
sym_mig	Round_2_Replicate_5	-1733.27	3474.54	11761.95	356.12	0.1452,0.8544,0.9933,0.4941
sym_mig	Round_2_Replicate_6	-463.55	935.1	450.08	574.73	0.2214,0.1592,0.4648,2.4862
sym_mig	Round_2_Replicate_7	-1024.84	2057.68	2833.98	379.07	0.6881,0.2378,0.7355,0.8952
sym_mig	Round_2_Replicate_8	-511.27	1030.54	846.32	514.8	0.2871,0.2019,0.1928,0.748
sym_mig	Round_2_Replicate_9	-922.11	1852.22	2290.79	265.18	0.4777,0.7504,0.4429,1.9254
sym_mig	Round_2_Replicate_10	-669.23	1346.46	940.86	319.16	0.3741,0.6225,0.3453,1.2161
sym_mig	Round_2_Replicate_11	-1124.35	2256.7	2633.75	333.98	1.0984,0.1548,0.488,0.9949
sym_mig	Round_2_Replicate_12	-679.69	1367.38	998.35	257.51	0.5392,0.6696,0.3369,2.3536
sym_mig	Round_2_Replicate_13	-530.14	1068.28	740.82	386.08	0.2537,0.2733,0.2349,3.3259
sym_mig	Round_2_Replicate_14	-696.53	1401.06	1028.67	289.48	0.3823,0.8114,0.2194,1.0166
sym_mig	Round_2_Replicate_15	-475.19	958.38	421.48	425.86	0.3225,0.359,0.2316,0.4781
sym_mig	Round_2_Replicate_16	-644.66	1297.32	946.53	342.69	0.2819,0.6725,0.1344,0.676
sym_mig	Round_2_Replicate_17	-391.66	791.32	238.39	579.86	0.1882,0.1734,0.2511,0.2472
sym_mig	Round_2_Replicate_18	-466.61	941.22	557.73	454.12	0.2548,0.3159,0.2495,1.0074
sym_mig	Round_2_Replicate_19	-450.08	908.16	346.09	1373.56	0.082,0.0863,1.3646,2.6179
sym_mig	Round_2_Replicate_20	-649.01	1306.02	1277.68	488.15	0.3991,0.142,0.2002,0.9027
sym_mig	Round_2_Replicate_21	-532.35	1072.7	477.71	988.71	0.1423,0.1205,1.3245,2.1429
sym_mig	Round_2_Replicate_22	-473.52	955.04	341.8	662.62	0.194,0.1488,0.8299,0.476
sym_mig	Round_2_Replicate_23	-502.1	1012.2	532.48	190.64	1.1293,0.6201,0.1227,3.0696
sym_mig	Round_2_Replicate_24	-599.91	1207.82	775.05	413.65	0.294,0.4007,0.0811,0.2873
sym_mig	Round_2_Replicate_25	-449.53	907.06	332.15	586.97	0.2101,0.199,0.5957,1.5732
sym_mig	Round_2_Replicate_26	-525.42	1058.84	502.32	223.64	0.5506,0.7062,0.2336,3.9095
sym_mig	Round_2_Replicate_27	-442.34	892.68	336.85	627.69	0.1968,0.1734,0.5994,1.5362
sym_mig	Round_2_Replicate_28	-433.23	874.46	354.95	520.96	0.2621,0.2271,0.4011,0.8212
sym_mig	Round_2_Replicate_29	-1932.61	3873.22	28675.05	314.41	1.2331,0.2769,1.0631,0.5981
sym_mig	Round_2_Replicate_30	-1619.71	3247.42	8265.14	357.64	1.0628,0.1228,1.0656,4.0452
sym_mig	Round_3_Replicate_1	-389.83	787.66	226.81	665.53	0.1335,0.1269,0.394,0.1943
sym_mig	Round_3_Replicate_2	-392.0	792.0	275.82	567.49	0.2019,0.179,0.1595,0.2592
sym_mig	Round_3_Replicate_3	-386.15	780.3	245.81	623.38	0.1511,0.1414,0.1809,0.1938
sym_mig	Round_3_Replicate_4	-388.92	785.84	246.92	606.87	0.1724,0.1611,0.2844,0.2486
sym_mig	Round_3_Replicate_5	-387.63	783.26	250.71	613.68	0.1628,0.157,0.2528,0.2327
sym_mig	Round_3_Replicate_6	-406.04	820.08	352.32	521.75	0.23,0.2298,0.1051,0.3205
sym_mig	Round_3_Replicate_7	-406.22	820.44	315.72	518.15	0.254,0.2311,0.2418,0.4092
sym_mig	Round_3_Replicate_8	-399.33	806.66	316.25	555.72	0.2176,0.2013,0.2248,0.3444
sym_mig	Round_3_Replicate_9	-400.2	808.4	314.52	534.08	0.2329,0.2171,0.1956,0.3505
sym_mig	Round_3_Replicate_10	-385.91	779.82	239.48	616.93	0.1546,0.148,0.2047,0.2023
sym_mig	Round_3_Replicate_11	-389.2	786.4	246.39	582.11	0.1809,0.1731,0.2011,0.2373
sym_mig	Round_3_Replicate_12	-400.48	808.96	304.11	523.35	0.236,0.2219,0.1434,0.3149
sym_mig	Round_3_Replicate_13	-414.14	836.28	338.49	510.05	0.2778,0.2298,0.2672,0.4753
sym_mig	Round_3_Replicate_14	-391.84	791.68	251.36	604.04	0.1777,0.1662,0.3196,0.2692
sym_mig	Round_3_Replicate_15	-390.85	789.7	257.17	585.78	0.193,0.1704,0.2529,0.268
sym_mig	Round_3_Replicate_16	-392.89	793.78	240.19	605.18	0.177,0.1634,0.345,0.2611
sym_mig	Round_3_Replicate_17	-396.62	801.24	248.07	581.36	0.196,0.1788,0.3295,0.2877
sym_mig	Round_3_Replicate_18	-405.35	818.7	337.34	518.61	0.2556,0.2262,0.1937,0.3906
sym_mig	Round_3_Replicate_19	-387.97	783.94	249.49	591.01	0.1725,0.1656,0.1778,0.2237
sym_mig	Round_3_Replicate_20	-416.88	841.76	336.75	586.12	0.195,0.2,0.3829,0.4335
sym_mig	Round_3_Replicate_21	-399.82	807.64	302.1	534.37	0.2347,0.2156,0.214,0.3513
sym_mig	Round_3_Replicate_22	-403.45	814.9	316.28	513.45	0.2431,0.2348,0.1449,0.3356
sym_mig	Round_3_Replicate_23	-412.46	832.92	346.79	503.36	0.262,0.2516,0.2379,0.4671
sym_mig	Round_3_Replicate_24	-410.16	828.32	302.05	553.73	0.2311,0.2058,0.3529,0.4256
sym_mig	Round_3_Replicate_25	-386.67	781.34	224.97	649.61	0.1401,0.1299,0.3152,0.1904
sym_mig	Round_3_Replicate_26	-401.14	810.28	293.48	582.76	0.2011,0.1869,0.3286,0.3506
sym_mig	Round_3_Replicate_27	-400.37	808.74	283.4	545.0	0.2295,0.2067,0.2688,0.3509
sym_mig	Round_3_Replicate_28	-392.77	793.54	226.87	652.32	0.1481,0.1332,0.4258,0.2153
sym_mig	Round_3_Replicate_29	-396.73	801.46	237.48	639.28	0.1565,0.1482,0.4447,0.2479
sym_mig	Round_3_Replicate_30	-405.98	819.96	314.15	517.75	0.2246,0.2352,0.1153,0.2991
sym_mig	Round_3_Replicate_31	-397.53	803.06	289.87	550.03	0.2231,0.2023,0.2381,0.3354
sym_mig	Round_3_Replicate_32	-406.02	820.04	328.29	525.41	0.2478,0.2259,0.2395,0.4125
sym_mig	Round_3_Replicate_33	-388.94	785.88	231.85	625.47	0.1573,0.1497,0.3309,0.2261
sym_mig	Round_3_Replicate_34	-396.96	801.92	296.13	539.92	0.227,0.2066,0.1744,0.313
sym_mig	Round_3_Replicate_35	-416.18	840.36	301.39	599.3	0.2085,0.1758,0.4542,0.42
sym_mig	Round_3_Replicate_36	-425.02	858.04	290.47	558.0	0.2089,0.2149,0.4361,0.3822
sym_mig	Round_3_Replicate_37	-388.53	785.06	230.47	632.8	0.1565,0.1416,0.3342,0.2188
sym_mig	Round_3_Replicate_38	-386.32	780.64	238.28	614.6	0.1531,0.149,0.1922,0.1979
sym_mig	Round_3_Replicate_39	-397.31	802.62	266.08	569.95	0.2034,0.192,0.3042,0.317
sym_mig	Round_3_Replicate_40	-386.82	781.64	225.64	657.81	0.1348,0.1253,0.3188,0.1835
sym_mig	Round_3_Replicate_41	-401.03	810.06	283.67	570.92	0.2117,0.1915,0.3256,0.3531
sym_mig	Round_3_Replicate_42	-398.86	805.72	278.85	547.05	0.226,0.2042,0.2596,0.3372
sym_mig	Round_3_Replicate_43	-393.54	795.08	241.89	626.03	0.1656,0.1532,0.3864,0.2553
sym_mig	Round_3_Replicate_44	-401.28	810.56	245.66	637.26	0.1679,0.1475,0.4733,0.2696
sym_mig	Round_3_Replicate_45	-386.81	781.62	229.75	628.17	0.1533,0.1444,0.2949,0.2113
sym_mig	Round_3_Replicate_46	-406.9	821.8	300.11	516.9	0.2452,0.2373,0.2471,0.3864
sym_mig	Round_3_Replicate_47	-391.27	790.54	256.46	582.84	0.1943,0.1741,0.2597,0.2736
sym_mig	Round_3_Replicate_48	-409.03	826.06	284.81	617.23	0.1896,0.1659,0.4525,0.3571
sym_mig	Round_3_Replicate_49	-392.1	792.2	239.05	618.74	0.1691,0.155,0.3606,0.2515
sym_mig	Round_3_Replicate_50	-405.55	819.1	335.5	509.07	0.2569,0.2378,0.1692,0.3801
