Model	Replicate	log-likelihood	AIC	chi-squared	theta	optimized_params(nu1, nu2, m12a, m21a, m12b, m21b, T1, T2)
asym_mig_twoepoch	Round_1_Replicate_1	-3170.43	6356.86	406687.09	215.69	2.6286,0.1977,1.1236,0.2695,0.6883,4.688,1.8588,0.3608
asym_mig_twoepoch	Round_1_Replicate_2	-1359.11	2734.22	6277.21	352.79	0.6447,0.3291,0.9333,0.4475,1.4819,0.1636,1.6516,0.4271
asym_mig_twoepoch	Round_1_Replicate_3	-4116.8	8249.6	4073245.89	94.49	0.6324,4.841,3.531,0.2629,3.254,0.1576,1.69,1.3146
asym_mig_twoepoch	Round_1_Replicate_4	-2759.97	5535.94	73480.63	308.44	3.4221,0.1549,5.5166,0.8191,1.8439,0.5904,0.2876,0.7819
asym_mig_twoepoch	Round_1_Replicate_5	-2187.0	4390.0	20768.19	123.18	4.5102,0.292,0.2696,4.7736,0.5526,0.3591,3.508,3.6158
asym_mig_twoepoch	Round_1_Replicate_6	-4051.72	8119.44	6821817.54	248.43	0.5623,1.1882,1.3713,0.3063,0.7142,2.6485,0.9729,4.0745
asym_mig_twoepoch	Round_1_Replicate_7	-1152.24	2320.48	3791.8	994.56	0.1391,0.204,1.3478,1.0295,4.4397,0.3068,0.1438,4.3112
asym_mig_twoepoch	Round_1_Replicate_8	-4335.09	8686.18	5479810.97	539.06	3.8726,0.1764,3.3442,7.7427,6.2897,0.5062,1.0295,0.9118
asym_mig_twoepoch	Round_1_Replicate_9	-2386.85	4789.7	47270.53	223.95	1.7712,0.1266,0.4147,2.7146,0.4985,4.841,0.3788,2.7977
asym_mig_twoepoch	Round_1_Replicate_10	-3064.12	6144.24	569946.6	291.07	1.3207,0.3632,0.4502,1.479,2.6011,0.9639,0.4571,0.348
asym_mig_twoepoch	Round_2_Replicate_1	-700.77	1417.54	986.99	1036.4	0.1252,0.1235,0.8375,1.2864,1.8874,0.2022,0.0445,9.5226
asym_mig_twoepoch	Round_2_Replicate_2	-2326.79	4669.58	52375.98	423.66	0.114,0.7296,0.9097,2.8172,8.1278,0.2991,0.0481,2.4238
asym_mig_twoepoch	Round_2_Replicate_3	-1134.43	2284.86	2084.93	399.79	0.0744,0.7615,0.491,1.221,2.499,0.0741,0.1912,7.079
asym_mig_twoepoch	Round_2_Replicate_4	-1003.08	2022.16	2098.88	736.62	0.163,0.2105,2.4797,1.6658,2.173,1.0892,0.1043,1.1453
asym_mig_twoepoch	Round_2_Replicate_5	-1813.24	3642.48	10740.7	445.1	0.0765,0.7312,0.4684,0.3791,7.3072,0.1434,0.1434,5.7183
asym_mig_twoepoch	Round_2_Replicate_6	-684.2	1384.4	978.77	1131.31	0.0814,0.117,0.3545,1.6806,1.7194,0.2384,0.2173,2.0202
asym_mig_twoepoch	Round_2_Replicate_7	-2162.36	4340.72	50454.32	1664.42	0.2447,0.0719,0.6562,0.3525,8.4703,0.2678,0.0539,6.8484
asym_mig_twoepoch	Round_2_Replicate_8	-903.75	1823.5	1715.81	1267.47	0.1314,0.1158,3.1894,0.5422,3.6094,0.4509,0.2756,1.6005
asym_mig_twoepoch	Round_2_Replicate_9	-798.58	1613.16	1226.04	2449.88	0.0631,0.0565,0.4317,0.874,5.9031,1.1173,0.0433,4.9269
asym_mig_twoepoch	Round_2_Replicate_10	-1431.04	2878.08	4105.65	409.66	0.0874,0.7696,1.9313,0.3287,4.3605,0.1044,0.2467,13.3118
asym_mig_twoepoch	Round_2_Replicate_11	-1452.28	2920.56	8988.33	1591.13	0.0802,0.1509,2.8596,0.3421,10.0489,0.0984,0.1672,3.4276
asym_mig_twoepoch	Round_2_Replicate_12	-1007.51	2031.02	1672.9	1282.82	0.0445,0.2169,4.7612,3.634,7.2074,0.0986,0.0506,1.3994
asym_mig_twoepoch	Round_2_Replicate_13	-871.64	1759.28	1718.17	960.01	0.0768,0.1147,0.5853,0.3013,1.1356,0.1204,0.5017,3.3772
asym_mig_twoepoch	Round_2_Replicate_14	-1808.06	3632.12	17175.85	314.21	0.2984,0.7037,0.3482,1.8925,1.1368,1.042,0.227,3.3102
asym_mig_twoepoch	Round_2_Replicate_15	-869.5	1755.0	1203.62	810.26	0.0861,0.3121,0.8835,0.9484,3.4014,0.081,0.1316,6.4932
asym_mig_twoepoch	Round_2_Replicate_16	-2846.73	5709.46	215103.54	1738.19	0.3713,0.0634,2.5099,0.4092,11.1404,0.0865,0.0884,15.6519
asym_mig_twoepoch	Round_2_Replicate_17	-1263.13	2542.26	4165.69	1729.42	0.1485,0.066,2.0437,3.7282,5.2517,0.1336,0.0398,6.4909
asym_mig_twoepoch	Round_2_Replicate_18	-1404.37	2824.74	7902.05	881.79	0.2659,0.1655,2.0827,1.2445,3.5359,0.2813,0.5323,15.4697
asym_mig_twoepoch	Round_2_Replicate_19	-841.79	1699.58	1339.19	1047.75	0.1188,0.1697,4.4503,0.3015,3.1695,0.4877,0.0835,13.7769
asym_mig_twoepoch	Round_2_Replicate_20	-818.73	1653.46	1266.32	711.1	0.0582,0.3,0.6287,0.3945,1.7105,0.1813,0.0375,1.2778
asym_mig_twoepoch	Round_3_Replicate_1	-973.48	1962.96	2027.85	2012.96	0.0975,0.0565,1.3724,5.6629,4.6358,0.0859,0.3447,2.7256
asym_mig_twoepoch	Round_3_Replicate_2	-677.14	1370.28	986.06	569.16	0.19,0.2076,0.4572,1.8113,0.797,0.1745,0.6704,3.5014
asym_mig_twoepoch	Round_3_Replicate_3	-689.62	1395.24	810.59	1099.47	0.0868,0.1707,1.4233,6.7578,2.6592,0.0992,0.273,6.2781
asym_mig_twoepoch	Round_3_Replicate_4	-948.55	1913.1	2350.87	675.78	0.2446,0.0822,0.2645,2.2406,0.7913,0.2768,0.0848,5.703
asym_mig_twoepoch	Round_3_Replicate_5	-729.79	1475.58	1076.73	3062.19	0.0362,0.0487,0.2139,0.421,6.4118,0.1222,0.1835,0.6918
asym_mig_twoepoch	Round_3_Replicate_6	-1368.43	2752.86	4390.15	628.08	0.037,0.2749,1.2645,1.7067,0.5857,0.062,0.1159,1.0783
asym_mig_twoepoch	Round_3_Replicate_7	-1160.76	2337.52	3426.99	1241.68	0.0685,0.0552,0.085,2.8531,1.2669,0.0945,0.2109,6.4588
asym_mig_twoepoch	Round_3_Replicate_8	-816.37	1648.74	1347.8	622.78	0.0778,0.281,0.2603,0.9987,0.9288,0.2029,0.7004,4.1167
asym_mig_twoepoch	Round_3_Replicate_9	-1050.51	2117.02	2365.18	732.46	0.046,0.2175,0.2747,1.044,0.8481,0.2452,0.4378,4.4059
asym_mig_twoepoch	Round_3_Replicate_10	-885.22	1786.44	1615.8	827.0	0.0399,0.231,0.9968,2.203,1.8816,0.0956,0.105,0.6087
asym_mig_twoepoch	Round_3_Replicate_11	-725.21	1466.42	828.19	550.64	0.1408,0.3962,0.9388,5.4892,1.6092,0.0653,0.2162,2.7758
asym_mig_twoepoch	Round_3_Replicate_12	-663.65	1343.3	790.04	1516.45	0.0653,0.1099,0.0863,6.3537,3.1323,0.2251,0.1136,3.3503
asym_mig_twoepoch	Round_3_Replicate_13	-692.27	1400.54	823.9	1431.48	0.0782,0.1071,1.3571,1.0562,2.9066,0.8793,0.1318,3.5568
asym_mig_twoepoch	Round_3_Replicate_14	-776.22	1568.44	1323.8	614.43	0.1285,0.2368,0.0891,4.067,0.623,0.0762,0.3305,1.2872
asym_mig_twoepoch	Round_3_Replicate_15	-729.15	1474.3	1249.3	488.2	0.2596,0.1962,0.9744,2.8979,0.5462,0.1626,0.4006,2.4999
asym_mig_twoepoch	Round_3_Replicate_16	-910.38	1836.76	1958.64	959.34	0.094,0.0805,0.4682,1.0557,0.7776,0.3495,0.7785,0.8692
asym_mig_twoepoch	Round_3_Replicate_17	-1275.97	2567.94	5478.06	789.16	0.1922,0.1818,0.2749,0.7512,4.3112,0.2854,0.0647,0.5462
asym_mig_twoepoch	Round_3_Replicate_18	-735.3	1486.6	925.13	616.52	0.1742,0.3079,0.5112,4.2111,1.7078,0.07,0.1999,2.7387
asym_mig_twoepoch	Round_3_Replicate_19	-1476.74	2969.48	5056.32	1381.72	0.0277,0.0568,0.6292,0.5724,1.1985,0.1184,0.3441,4.1586
asym_mig_twoepoch	Round_3_Replicate_20	-781.63	1579.26	1432.89	636.12	0.1585,0.1505,0.3119,1.0221,0.6088,0.2005,0.0685,1.404
asym_mig_twoepoch	Round_3_Replicate_21	-1661.92	3339.84	14428.3	462.68	0.2533,0.4354,0.5318,2.5028,2.568,0.8829,0.1291,7.5727
asym_mig_twoepoch	Round_3_Replicate_22	-885.29	1786.58	1619.03	1340.03	0.1294,0.0808,0.1559,1.0354,3.147,0.2333,0.7845,0.9378
asym_mig_twoepoch	Round_3_Replicate_23	-880.8	1777.6	1199.02	1296.75	0.0461,0.1999,1.0449,1.1911,5.5651,0.2008,0.2037,1.5286
asym_mig_twoepoch	Round_3_Replicate_24	-686.75	1389.5	833.69	1116.93	0.0782,0.1677,0.1967,3.1101,2.5112,0.0659,0.0822,6.113
asym_mig_twoepoch	Round_3_Replicate_25	-794.21	1604.42	1295.7	674.81	0.26,0.15,0.117,2.9635,1.268,0.3449,0.2037,7.4651
asym_mig_twoepoch	Round_3_Replicate_26	-743.71	1503.42	1008.31	1833.09	0.0622,0.099,1.2962,2.9429,4.7349,0.0753,0.4718,7.772
asym_mig_twoepoch	Round_3_Replicate_27	-720.43	1456.86	1137.92	2479.46	0.0382,0.0488,0.5089,0.8182,3.4858,0.4516,0.0816,1.6388
asym_mig_twoepoch	Round_3_Replicate_28	-740.67	1497.34	1182.71	1435.97	0.0581,0.0765,0.1478,2.0571,1.3811,0.8121,0.5109,2.5698
asym_mig_twoepoch	Round_3_Replicate_29	-828.55	1673.1	1281.18	512.23	0.2099,0.3381,0.6813,0.5579,1.9247,0.1306,0.7947,0.5828
asym_mig_twoepoch	Round_3_Replicate_30	-1095.94	2207.88	2634.4	1501.51	0.152,0.0706,0.742,1.1595,3.7665,0.0968,0.8322,2.1578
asym_mig_twoepoch	Round_4_Replicate_1	-673.65	1363.3	874.58	1191.17	0.0857,0.1279,0.08,5.7419,2.2191,0.1461,0.1037,4.462
asym_mig_twoepoch	Round_4_Replicate_2	-670.0	1356.0	801.72	1503.67	0.0633,0.1151,0.0424,7.1756,3.1806,0.1673,0.1739,3.5572
asym_mig_twoepoch	Round_4_Replicate_3	-677.43	1370.86	785.0	1949.38	0.0485,0.0939,0.1591,9.6949,4.5112,0.2271,0.1505,3.3154
asym_mig_twoepoch	Round_4_Replicate_4	-646.73	1309.46	761.38	1110.88	0.0845,0.1414,0.0966,4.894,2.0417,0.338,0.1157,3.293
asym_mig_twoepoch	Round_4_Replicate_5	-682.53	1381.06	812.28	1609.89	0.0561,0.1155,0.1002,8.7619,3.6657,0.1222,0.086,8.6947
asym_mig_twoepoch	Round_4_Replicate_6	-662.47	1340.94	746.11	1344.72	0.0721,0.1271,0.0699,5.8567,2.8952,0.4074,0.1095,3.1403
asym_mig_twoepoch	Round_4_Replicate_7	-748.67	1513.34	1024.45	1559.35	0.0866,0.1,0.0594,5.819,3.8318,0.4173,0.0872,5.4713
asym_mig_twoepoch	Round_4_Replicate_8	-667.42	1350.84	818.28	1714.48	0.0565,0.0962,0.1404,8.9639,3.4295,0.2066,0.1089,5.9005
asym_mig_twoepoch	Round_4_Replicate_9	-699.81	1415.62	852.06	2103.63	0.0472,0.0883,0.1799,12.8072,5.1104,0.1407,0.2194,3.9227
asym_mig_twoepoch	Round_4_Replicate_10	-710.56	1437.12	1080.6	1143.8	0.0826,0.1127,0.0443,5.5662,1.7526,0.1661,0.0823,1.9194
asym_mig_twoepoch	Round_4_Replicate_11	-689.37	1394.74	810.21	1283.85	0.0808,0.1395,0.1669,7.555,3.1013,0.19,0.0605,2.2439
asym_mig_twoepoch	Round_4_Replicate_12	-664.04	1344.08	805.52	1515.87	0.0566,0.1131,0.0399,10.1425,2.9664,0.2033,0.1996,2.1983
asym_mig_twoepoch	Round_4_Replicate_13	-660.43	1336.86	765.12	963.57	0.0882,0.185,0.0616,7.6839,1.9966,0.1612,0.1514,6.1045
asym_mig_twoepoch	Round_4_Replicate_14	-651.22	1318.44	762.5	1358.77	0.0697,0.1201,0.0675,5.0176,2.6536,0.3039,0.1902,6.634
asym_mig_twoepoch	Round_4_Replicate_15	-670.68	1357.36	792.75	1215.76	0.0744,0.1472,0.0656,12.3047,2.6193,0.1292,0.1102,5.4222
asym_mig_twoepoch	Round_4_Replicate_16	-763.54	1543.08	1131.67	1610.15	0.0953,0.0805,0.1433,4.4136,3.4944,0.4161,0.0627,1.7102
asym_mig_twoepoch	Round_4_Replicate_17	-683.41	1382.82	802.67	1772.42	0.0411,0.1115,0.1161,10.9799,3.9636,0.2052,0.0508,2.5221
asym_mig_twoepoch	Round_4_Replicate_18	-671.13	1358.26	794.32	1373.92	0.0682,0.1286,0.0905,8.6169,2.974,0.1507,0.1716,3.3818
asym_mig_twoepoch	Round_4_Replicate_19	-669.06	1354.12	803.83	1779.08	0.0488,0.0994,0.1092,6.8619,3.6692,0.192,0.0452,2.1416
asym_mig_twoepoch	Round_4_Replicate_20	-668.09	1352.18	825.04	1324.97	0.0686,0.1266,0.0398,4.6996,2.5972,0.1495,0.0605,5.9078
asym_mig_twoepoch	Round_4_Replicate_21	-695.63	1407.26	804.53	1159.74	0.0685,0.1765,0.1816,7.4724,2.9015,0.0849,0.1079,6.5821
asym_mig_twoepoch	Round_4_Replicate_22	-697.6	1411.2	798.9	1044.39	0.0937,0.1763,0.1007,9.2959,2.6082,0.3167,0.0472,4.2148
asym_mig_twoepoch	Round_4_Replicate_23	-760.85	1537.7	984.99	1318.01	0.0407,0.1702,0.032,3.7724,3.3571,0.2992,0.0706,6.0232
asym_mig_twoepoch	Round_4_Replicate_24	-656.91	1329.82	804.52	2375.99	0.0394,0.0671,0.0383,12.1995,4.4461,0.41,0.1072,4.977
asym_mig_twoepoch	Round_4_Replicate_25	-669.81	1355.62	817.22	1911.88	0.046,0.0907,0.0488,4.1067,3.8572,0.2,0.0461,2.0442
asym_mig_twoepoch	Round_4_Replicate_26	-646.22	1308.44	803.17	1144.28	0.0872,0.1224,0.1349,4.5465,1.9037,0.4167,0.1904,1.8237
asym_mig_twoepoch	Round_4_Replicate_27	-684.22	1384.44	827.0	1804.0	0.0495,0.1026,0.072,6.7361,4.0384,0.1187,0.0733,3.0268
asym_mig_twoepoch	Round_4_Replicate_28	-650.31	1316.62	758.35	1183.61	0.0828,0.1354,0.0567,6.3109,2.3107,0.3024,0.0665,3.6858
asym_mig_twoepoch	Round_4_Replicate_29	-729.92	1475.84	1012.8	1350.93	0.0956,0.1122,0.0308,4.3583,2.969,0.1237,0.2256,3.8583
asym_mig_twoepoch	Round_4_Replicate_30	-649.44	1314.88	760.2	1342.99	0.0676,0.1214,0.0455,11.2074,2.5669,0.3435,0.0482,2.2669
asym_mig_twoepoch	Round_4_Replicate_31	-674.95	1365.9	823.31	1471.31	0.0597,0.1206,0.0692,3.5352,3.0604,0.1272,0.0619,2.64
asym_mig_twoepoch	Round_4_Replicate_32	-669.55	1355.1	817.91	1679.61	0.0542,0.1019,0.1501,5.3656,3.3937,0.1764,0.1135,5.3596
asym_mig_twoepoch	Round_4_Replicate_33	-653.57	1323.14	785.57	1737.26	0.0511,0.0941,0.1387,4.4406,3.2492,0.3516,0.0838,4.699
asym_mig_twoepoch	Round_4_Replicate_34	-662.85	1341.7	768.35	1948.73	0.0478,0.0897,0.1524,10.9662,4.1586,0.2954,0.1448,4.5742
asym_mig_twoepoch	Round_4_Replicate_35	-689.83	1395.66	772.89	976.61	0.0891,0.1928,0.1149,4.0772,2.3908,0.3174,0.1424,1.9984
asym_mig_twoepoch	Round_4_Replicate_36	-746.67	1509.34	1136.68	1052.26	0.0614,0.1535,0.056,3.2199,1.647,0.1168,0.0741,4.3983
asym_mig_twoepoch	Round_4_Replicate_37	-670.11	1356.22	889.05	993.57	0.0988,0.1468,0.1394,10.4632,1.7135,0.1548,0.0644,5.9431
asym_mig_twoepoch	Round_4_Replicate_38	-650.88	1317.76	750.75	1163.79	0.0825,0.1394,0.067,5.843,2.3232,0.321,0.1214,1.9737
asym_mig_twoepoch	Round_4_Replicate_39	-738.43	1492.86	1101.7	1148.11	0.0554,0.1426,0.121,9.8293,1.8077,0.1572,0.0944,5.5236
asym_mig_twoepoch	Round_4_Replicate_40	-657.78	1331.56	772.41	2198.65	0.0414,0.0776,0.0791,9.2318,4.4469,0.3632,0.0616,2.2488
