Model	Replicate	log-likelihood	AIC	chi-squared	theta	optimized_params(nu1a, nu2a, nu1b, nu2b, m, T1, T2)
anc_sym_mig_size	Round_1_Replicate_1	-1286.41	2586.82	2670.13	272.9	0.1955,0.1771,3.4964,1.297,0.5743,1.9867,0.2507
anc_sym_mig_size	Round_1_Replicate_2	-1559.23	3132.46	6008.2	90.75	0.314,0.2743,5.3746,2.6471,1.7897,7.7582,2.1489
anc_sym_mig_size	Round_1_Replicate_3	-1347.55	2709.1	3146.83	108.32	0.376,2.3223,2.4984,6.0535,0.1247,4.6326,0.1344
anc_sym_mig_size	Round_1_Replicate_4	-1957.58	3929.16	13420.22	160.17	0.4915,0.894,0.7544,4.3559,2.7057,1.3488,0.413
anc_sym_mig_size	Round_1_Replicate_5	-2219.3	4452.6	4598781.76	92.87	1.9476,6.614,0.9811,2.1915,5.4833,0.3695,6.4246
anc_sym_mig_size	Round_1_Replicate_6	-1101.7	2217.4	5626.79	405.13	3.3695,0.1257,0.4248,0.1819,0.5369,0.4354,0.2736
anc_sym_mig_size	Round_1_Replicate_7	-1948.71	3911.42	7818.55	77.18	1.8402,6.1186,0.1617,3.6905,1.3427,6.7433,0.3564
anc_sym_mig_size	Round_1_Replicate_8	-1129.08	2272.16	7291.79	128.97	3.7562,5.293,2.7094,0.9605,1.0562,0.3064,2.2625
anc_sym_mig_size	Round_1_Replicate_9	-952.08	1918.16	5841.99	285.7	0.6436,4.0637,0.7065,0.4197,4.5774,0.4064,1.0016
anc_sym_mig_size	Round_1_Replicate_10	-1925.1	3864.2	86404.41	154.81	0.8914,0.6154,2.719,0.2643,0.4441,6.4282,1.3556
anc_sym_mig_size	Round_2_Replicate_1	-1151.38	2316.76	16937.25	145.03	0.9039,11.1487,1.0579,1.4882,9.7867,0.1304,2.6399
anc_sym_mig_size	Round_2_Replicate_2	-780.08	1574.16	1310.59	244.3	1.9765,2.5607,0.6178,0.3244,3.2854,1.166,0.3031
anc_sym_mig_size	Round_2_Replicate_3	-1734.35	3482.7	107645.29	183.66	0.8253,3.9709,0.3607,1.5069,17.5465,0.3323,1.87
anc_sym_mig_size	Round_2_Replicate_4	-897.37	1808.74	1461.33	308.58	1.2781,1.0478,0.2096,0.6602,4.5135,0.5868,0.2973
anc_sym_mig_size	Round_2_Replicate_5	-2799.93	5613.86	12477718.59	372.23	1.825,10.1426,0.2116,0.2476,7.767,0.6265,1.3638
anc_sym_mig_size	Round_2_Replicate_6	-2660.75	5335.5	15125053.67	245.39	0.3509,13.7891,0.2243,0.7745,12.1299,1.322,2.0439
anc_sym_mig_size	Round_2_Replicate_7	-1472.42	2958.84	7477.52	192.56	0.7857,2.2356,2.5763,0.5654,3.2269,1.071,0.3543
anc_sym_mig_size	Round_2_Replicate_8	-1106.24	2226.48	2255.79	287.05	0.1962,16.6586,0.3036,0.8389,4.2236,1.3956,0.3119
anc_sym_mig_size	Round_2_Replicate_9	-1794.01	3602.02	86262.71	434.55	1.5978,11.6105,0.2342,0.1835,4.2565,0.7439,0.7326
anc_sym_mig_size	Round_2_Replicate_10	-2767.14	5548.28	34935694.87	148.77	0.3401,4.1829,0.3531,1.6278,3.123,0.7262,3.4092
anc_sym_mig_size	Round_2_Replicate_11	-966.94	1947.88	5717.69	304.35	0.7216,6.9144,0.7316,0.3741,11.706,0.1269,0.9535
anc_sym_mig_size	Round_2_Replicate_12	-1414.45	2842.9	5414.54	244.99	2.0748,5.3708,0.4132,1.3292,4.6005,0.1432,0.3101
anc_sym_mig_size	Round_2_Replicate_13	-3018.69	6051.38	141250734.26	293.95	0.3526,6.4591,0.465,0.2563,1.6047,0.1519,2.2723
anc_sym_mig_size	Round_2_Replicate_14	-1592.58	3199.16	146759.4	227.85	1.1178,2.53,0.7494,0.5022,17.3077,0.4619,2.1076
anc_sym_mig_size	Round_2_Replicate_15	-960.6	1935.2	2565.3	314.18	2.1693,1.3283,0.5845,0.1463,16.199,0.9147,0.3034
anc_sym_mig_size	Round_2_Replicate_16	-4819.96	9653.92	1.5515501455e+12	261.02	1.8372,13.2055,0.3323,0.2431,17.6321,0.1698,3.2584
anc_sym_mig_size	Round_2_Replicate_17	-815.76	1645.52	1541.99	318.94	0.3281,8.8923,0.8803,0.331,5.4298,0.267,0.4875
anc_sym_mig_size	Round_2_Replicate_18	-663.48	1340.96	1361.28	364.63	1.2288,2.4025,0.2925,0.23,14.4895,0.922,0.3458
anc_sym_mig_size	Round_2_Replicate_19	-763.6	1541.2	2144.02	510.7	0.2403,1.4575,0.3027,0.1812,3.9489,0.6886,0.3324
anc_sym_mig_size	Round_2_Replicate_20	-1126.47	2266.94	2815.76	175.95	1.2956,2.5968,1.98,0.6916,4.5686,0.9414,0.6089
anc_sym_mig_size	Round_3_Replicate_1	-921.13	1856.26	3166.79	452.02	0.453,3.5093,0.1826,0.1707,11.7048,2.9342,0.3461
anc_sym_mig_size	Round_3_Replicate_2	-775.07	1564.14	1338.28	136.26	3.1579,10.2907,0.9629,0.4132,5.5994,3.0679,0.4534
anc_sym_mig_size	Round_3_Replicate_3	-644.86	1303.72	916.73	411.09	0.4038,3.4471,0.2808,0.2911,22.5022,0.5446,0.2997
anc_sym_mig_size	Round_3_Replicate_4	-781.0	1576.0	2320.82	473.39	0.3712,0.7611,0.2558,0.2685,7.6058,0.8332,0.426
anc_sym_mig_size	Round_3_Replicate_5	-1367.93	2749.86	3193.31	243.03	2.5054,4.283,0.105,0.8419,25.1158,0.47,0.1329
anc_sym_mig_size	Round_3_Replicate_6	-1156.04	2326.08	2813.72	378.12	0.3744,2.031,0.7238,0.1057,23.249,0.8084,0.14
anc_sym_mig_size	Round_3_Replicate_7	-863.19	1740.38	2863.28	239.0	0.3936,0.6212,0.982,0.6522,22.9596,0.9931,1.1233
anc_sym_mig_size	Round_3_Replicate_8	-2203.75	4421.5	371204.5	266.88	0.7957,7.2319,0.5514,0.1487,27.6183,3.4443,1.0413
anc_sym_mig_size	Round_3_Replicate_9	-2912.54	5839.08	11837460.73	454.15	3.5555,0.9615,0.1604,0.1755,11.6777,0.7079,1.0196
anc_sym_mig_size	Round_3_Replicate_10	-1069.72	2153.44	4676.22	329.54	2.3708,1.9688,0.4021,0.1483,28.9265,1.1935,0.425
anc_sym_mig_size	Round_3_Replicate_11	-602.77	1219.54	845.78	401.26	0.8201,6.1563,0.1889,0.1869,14.042,0.7773,0.1972
anc_sym_mig_size	Round_3_Replicate_12	-680.81	1375.62	1162.73	331.37	2.8473,1.256,0.2009,0.317,6.8907,1.1796,0.3036
anc_sym_mig_size	Round_3_Replicate_13	-634.36	1282.72	961.13	448.78	0.677,9.9744,0.2696,0.1811,6.4009,0.2958,0.2181
anc_sym_mig_size	Round_3_Replicate_14	-2718.16	5450.32	5202743.38	322.31	1.0328,2.7327,0.8945,0.0884,25.2914,0.438,0.8796
anc_sym_mig_size	Round_3_Replicate_15	-956.44	1926.88	2566.71	350.15	0.6755,3.7804,0.1208,0.2276,5.6149,3.354,0.2761
anc_sym_mig_size	Round_3_Replicate_16	-871.49	1756.98	3429.16	249.35	1.0881,2.9605,0.5532,0.7603,27.6183,0.349,1.038
anc_sym_mig_size	Round_3_Replicate_17	-4305.59	8625.18	13390880991.7	591.73	0.2972,3.4839,0.0954,0.108,25.7861,0.6271,0.9772
anc_sym_mig_size	Round_3_Replicate_18	-794.78	1603.56	1456.42	277.59	0.7185,4.3902,0.3392,0.136,23.1003,2.3489,0.1568
anc_sym_mig_size	Round_3_Replicate_19	-1435.1	2884.2	9913.9	271.22	1.4173,2.4207,0.8471,0.3698,7.0516,0.4088,0.1982
anc_sym_mig_size	Round_3_Replicate_20	-729.93	1473.86	1352.0	292.98	0.7339,5.3353,0.2788,0.4629,6.4724,1.4175,0.4383
anc_sym_mig_size	Round_3_Replicate_21	-937.93	1889.86	2056.9	263.69	1.0798,2.0699,0.4419,0.1116,6.0932,2.1159,0.1384
anc_sym_mig_size	Round_3_Replicate_22	-656.98	1327.96	954.59	433.71	1.0579,0.9207,0.3033,0.209,10.2249,0.2936,0.2332
anc_sym_mig_size	Round_3_Replicate_23	-814.65	1643.3	1582.62	334.54	0.48,1.8015,0.4764,0.1339,5.0153,3.6432,0.1822
anc_sym_mig_size	Round_3_Replicate_24	-719.35	1452.7	967.12	386.8	3.35,1.4107,0.1574,0.3111,4.6408,0.397,0.1822
anc_sym_mig_size	Round_3_Replicate_25	-1759.19	3532.38	68992.76	431.7	0.7864,0.9245,0.3098,0.1353,24.7,1.9509,0.6757
anc_sym_mig_size	Round_3_Replicate_26	-1277.11	2568.22	24628.09	355.41	0.8385,2.0092,0.4527,0.3121,12.7608,0.2813,1.0283
anc_sym_mig_size	Round_3_Replicate_27	-868.32	1750.64	1627.86	263.02	2.7077,1.1858,0.7079,0.3765,4.58,0.7604,0.3254
anc_sym_mig_size	Round_3_Replicate_28	-827.27	1668.54	1191.52	449.99	0.4598,0.8266,0.1156,0.2729,22.6698,0.8865,0.1354
anc_sym_mig_size	Round_3_Replicate_29	-750.96	1515.92	1895.65	279.35	2.6888,5.5366,0.5952,0.3067,5.0142,0.8555,0.5356
anc_sym_mig_size	Round_3_Replicate_30	-4214.01	8442.02	13559994339.9	529.22	0.3717,1.313,0.1946,0.0796,5.3325,0.6435,1.0772
anc_sym_mig_size	Round_4_Replicate_1	-666.79	1347.58	911.1	396.79	0.7873,3.9612,0.1315,0.2147,8.8331,0.8556,0.1675
anc_sym_mig_size	Round_4_Replicate_2	-602.94	1219.88	830.04	407.49	1.0407,6.824,0.1846,0.1854,12.5035,0.6176,0.1882
anc_sym_mig_size	Round_4_Replicate_3	-653.29	1320.58	908.9	386.73	0.852,9.2342,0.2035,0.2874,20.1952,0.5186,0.2471
anc_sym_mig_size	Round_4_Replicate_4	-639.4	1292.8	797.82	329.93	1.0654,8.9051,0.1768,0.2436,16.4476,0.977,0.1842
anc_sym_mig_size	Round_4_Replicate_5	-604.89	1223.78	798.43	393.98	1.1453,4.0882,0.1837,0.1903,15.3846,0.6685,0.1825
anc_sym_mig_size	Round_4_Replicate_6	-627.58	1269.16	991.32	340.69	1.6123,8.04,0.3202,0.2442,9.8149,0.6993,0.2883
anc_sym_mig_size	Round_4_Replicate_7	-622.59	1259.18	844.43	427.97	0.4299,4.9109,0.2312,0.2191,8.1431,0.6858,0.2203
anc_sym_mig_size	Round_4_Replicate_8	-621.23	1256.46	893.21	428.21	0.7426,7.0015,0.2288,0.23,17.9393,0.3913,0.2443
anc_sym_mig_size	Round_4_Replicate_9	-599.3	1212.6	798.97	379.35	0.7035,11.5276,0.17,0.1514,15.1375,1.1322,0.1552
anc_sym_mig_size	Round_4_Replicate_10	-728.68	1471.36	1082.33	403.01	0.6667,3.9562,0.1683,0.3188,8.1657,0.4663,0.2301
anc_sym_mig_size	Round_4_Replicate_11	-599.54	1213.08	836.74	394.59	1.0935,13.5199,0.185,0.179,15.4348,0.6742,0.1859
anc_sym_mig_size	Round_4_Replicate_12	-681.37	1376.74	951.32	276.6	1.2501,3.8466,0.3593,0.2991,27.5248,1.0808,0.2549
anc_sym_mig_size	Round_4_Replicate_13	-617.27	1248.54	922.44	307.56	1.1404,4.2945,0.2356,0.2698,14.6797,1.459,0.2861
anc_sym_mig_size	Round_4_Replicate_14	-618.85	1251.7	880.51	322.68	0.6825,3.4968,0.2961,0.2996,23.6494,1.441,0.323
anc_sym_mig_size	Round_4_Replicate_15	-680.24	1374.48	904.63	315.24	1.5854,12.9119,0.1926,0.3256,29.1452,0.7068,0.2219
anc_sym_mig_size	Round_4_Replicate_16	-652.91	1319.82	832.28	282.39	1.3345,8.6522,0.194,0.2991,16.2221,1.2663,0.2156
anc_sym_mig_size	Round_4_Replicate_17	-604.86	1223.72	769.34	436.64	0.4992,3.4937,0.1379,0.1365,9.9603,1.2442,0.1308
anc_sym_mig_size	Round_4_Replicate_18	-602.8	1219.6	819.57	435.27	0.49,3.8487,0.1591,0.1534,15.6817,1.25,0.1629
anc_sym_mig_size	Round_4_Replicate_19	-669.82	1353.64	858.08	420.94	0.4732,7.3779,0.2121,0.2542,8.8771,0.4215,0.1976
anc_sym_mig_size	Round_4_Replicate_20	-598.13	1210.26	814.77	367.49	0.7545,3.9495,0.1789,0.1658,8.957,1.4146,0.1744
anc_sym_mig_size	Round_4_Replicate_21	-599.18	1212.36	839.06	425.28	0.8217,3.6002,0.1706,0.1546,12.055,0.7514,0.1671
anc_sym_mig_size	Round_4_Replicate_22	-658.91	1331.82	969.24	429.49	0.4031,6.555,0.1502,0.2161,29.279,1.458,0.2083
anc_sym_mig_size	Round_4_Replicate_23	-623.29	1260.58	925.47	382.89	0.6215,3.3668,0.284,0.2543,17.1734,0.7763,0.2902
anc_sym_mig_size	Round_4_Replicate_24	-684.49	1382.98	1388.23	433.55	0.5522,3.9631,0.189,0.1948,20.8486,1.1414,0.2772
anc_sym_mig_size	Round_4_Replicate_25	-616.02	1246.04	883.59	437.89	0.7765,3.6373,0.2254,0.2054,7.3681,0.4092,0.2221
anc_sym_mig_size	Round_4_Replicate_26	-608.61	1231.22	857.31	430.94	0.9048,9.7959,0.2043,0.1885,8.9148,0.4536,0.1996
anc_sym_mig_size	Round_4_Replicate_27	-611.96	1237.92	881.18	396.41	0.5142,10.0219,0.2314,0.2176,15.266,0.99,0.2417
anc_sym_mig_size	Round_4_Replicate_28	-612.23	1238.46	907.76	393.72	0.9737,6.3977,0.2377,0.2178,15.3519,0.5996,0.2431
anc_sym_mig_size	Round_4_Replicate_29	-614.28	1242.56	938.2	382.96	1.598,8.9169,0.2496,0.2199,13.7777,0.5363,0.249
anc_sym_mig_size	Round_4_Replicate_30	-593.74	1201.48	804.77	427.13	1.2332,3.5572,0.1255,0.1299,8.1793,0.7315,0.1296
anc_sym_mig_size	Round_4_Replicate_31	-614.44	1242.88	947.13	446.91	0.426,3.4543,0.2079,0.1702,13.5396,1.1909,0.2115
anc_sym_mig_size	Round_4_Replicate_32	-613.91	1241.82	884.99	389.64	1.3794,11.8985,0.2393,0.2208,9.3921,0.5064,0.2332
anc_sym_mig_size	Round_4_Replicate_33	-605.58	1225.16	833.62	391.3	0.6339,8.5342,0.2037,0.1997,12.2913,0.9478,0.2081
anc_sym_mig_size	Round_4_Replicate_34	-735.42	1484.84	1118.74	388.43	0.5583,6.4853,0.1552,0.3072,13.1292,0.7856,0.2257
anc_sym_mig_size	Round_4_Replicate_35	-714.66	1443.32	924.26	362.5	0.6036,7.8973,0.1414,0.2543,21.0374,0.9788,0.157
anc_sym_mig_size	Round_4_Replicate_36	-610.4	1234.8	795.74	443.36	0.7724,6.0382,0.1789,0.1711,22.4372,0.4477,0.1665
anc_sym_mig_size	Round_4_Replicate_37	-621.6	1257.2	861.99	433.07	1.4772,4.1646,0.1647,0.2058,15.5899,0.4146,0.193
anc_sym_mig_size	Round_4_Replicate_38	-615.78	1245.56	888.09	463.29	0.4338,5.3123,0.2141,0.1947,18.7506,0.5172,0.2194
anc_sym_mig_size	Round_4_Replicate_39	-633.7	1281.4	996.04	414.96	0.4767,3.6852,0.2977,0.2381,10.4059,0.5895,0.2908
anc_sym_mig_size	Round_4_Replicate_40	-607.63	1229.26	881.59	457.85	0.6392,7.6154,0.1786,0.1737,11.8131,0.5165,0.191
