Model	Replicate	log-likelihood	AIC	chi-squared	theta	optimized_params(nu1a, nu2a, nu1b, nu2b, m, T1, T2)
sec_contact_sym_mig_size	Round_1_Replicate_1	-7116.09	14246.18	6106854954.37	56.62	0.2035,5.293,3.5471,3.5948,1.3368,6.6168,3.0223
sec_contact_sym_mig_size	Round_1_Replicate_2	-2054.21	4122.42	13122.49	164.57	4.2941,0.2108,1.1482,4.3066,0.2606,0.4307,0.4246
sec_contact_sym_mig_size	Round_1_Replicate_3	-749.1	1512.2	1237.01	148.78	2.6611,0.6743,0.514,0.4779,0.3956,4.4607,0.2411
sec_contact_sym_mig_size	Round_1_Replicate_4	-1963.72	3941.44	6461.29	118.17	0.5569,0.8098,4.7094,2.3294,0.6128,5.9576,0.1775
sec_contact_sym_mig_size	Round_1_Replicate_5	-5007.76	10029.52	54775882.81	66.14	2.5064,0.4832,4.0165,6.3608,0.4115,0.3236,2.4971
sec_contact_sym_mig_size	Round_1_Replicate_6	-2461.98	4937.96	63782.18	152.65	3.4024,0.6006,7.6479,0.5933,1.4204,1.3001,0.1263
sec_contact_sym_mig_size	Round_1_Replicate_7	-1820.09	3654.18	15713.98	288.32	0.2096,0.3547,1.1838,0.2159,1.0723,1.1457,1.1617
sec_contact_sym_mig_size	Round_1_Replicate_8	-751.48	1516.96	965.4	422.29	2.027,0.5146,0.2703,0.3283,0.5579,0.4031,2.603
sec_contact_sym_mig_size	Round_1_Replicate_9	-2446.91	4907.82	117191.84	259.66	0.9478,6.5965,3.3971,0.3969,0.5983,0.1909,0.1718
sec_contact_sym_mig_size	Round_1_Replicate_10	-7305.48	14624.96	2064519340.19	248.9	0.1321,1.1662,3.1125,1.1726,5.0445,0.5341,0.1337
sec_contact_sym_mig_size	Round_2_Replicate_1	-934.53	1883.06	1756.34	123.03	3.0685,0.3246,0.4068,0.7835,0.1236,7.4283,0.857
sec_contact_sym_mig_size	Round_2_Replicate_2	-1337.27	2688.54	6074.71	120.07	7.7786,1.2945,1.0075,0.1587,0.1173,5.6148,0.6317
sec_contact_sym_mig_size	Round_2_Replicate_3	-1307.81	2629.62	4090.57	156.69	0.8908,0.3093,0.6734,0.298,0.1772,5.918,0.0937
sec_contact_sym_mig_size	Round_2_Replicate_4	-1005.28	2024.56	11076.52	42.96	7.8716,1.4417,1.8966,1.3639,0.2209,15.181,0.1037
sec_contact_sym_mig_size	Round_2_Replicate_5	-1150.57	2315.14	4305.77	111.34	4.4476,0.7968,0.3234,0.146,0.2888,8.8733,0.2396
sec_contact_sym_mig_size	Round_2_Replicate_6	-972.05	1958.1	1897.63	201.48	1.0368,0.2921,1.057,1.5217,0.1497,1.6904,0.2207
sec_contact_sym_mig_size	Round_2_Replicate_7	-945.38	1904.76	2100.6	208.41	1.1274,1.9591,0.3927,0.267,0.1646,4.0963,0.9277
sec_contact_sym_mig_size	Round_2_Replicate_8	-808.89	1631.78	1176.65	192.15	0.8814,0.4775,0.5873,0.499,0.3805,3.5709,0.7513
sec_contact_sym_mig_size	Round_2_Replicate_9	-883.49	1780.98	1896.79	233.44	1.1764,0.38,1.6659,0.5413,0.1074,1.3349,0.0793
sec_contact_sym_mig_size	Round_2_Replicate_10	-1026.16	2066.32	1802.73	224.9	1.3999,0.1693,0.1722,0.3222,0.8708,4.0396,0.2351
sec_contact_sym_mig_size	Round_2_Replicate_11	-777.47	1568.94	1123.6	174.18	2.9133,1.6481,0.2129,1.1627,0.1066,2.3548,0.2943
sec_contact_sym_mig_size	Round_2_Replicate_12	-1625.91	3265.82	7574.5	233.14	10.4156,0.7905,1.1109,0.1708,0.9378,1.1217,0.4493
sec_contact_sym_mig_size	Round_2_Replicate_13	-754.45	1522.9	1150.52	111.89	7.9122,0.948,0.4116,0.677,0.2475,7.5842,0.596
sec_contact_sym_mig_size	Round_2_Replicate_14	-1139.1	2292.2	2978.45	136.58	6.6754,2.0919,1.2873,0.3051,0.2609,1.7874,0.1491
sec_contact_sym_mig_size	Round_2_Replicate_15	-705.71	1425.42	1485.59	77.13	8.3142,1.2637,0.4453,1.5008,0.0966,7.8864,0.1854
sec_contact_sym_mig_size	Round_2_Replicate_16	-1278.13	2570.26	8067.16	81.19	3.7697,0.5985,1.2757,0.9107,0.8489,8.1135,0.0577
sec_contact_sym_mig_size	Round_2_Replicate_17	-866.11	1746.22	2628.54	49.82	5.7576,2.7499,2.0356,0.1707,0.1465,13.5789,0.053
sec_contact_sym_mig_size	Round_2_Replicate_18	-984.49	1982.98	1763.15	88.63	1.1184,0.4985,2.0462,0.9129,0.2019,9.1748,0.9406
sec_contact_sym_mig_size	Round_2_Replicate_19	-1831.65	3677.3	19511.03	196.82	2.0996,0.4953,1.1194,0.4971,1.0324,1.7232,0.3334
sec_contact_sym_mig_size	Round_2_Replicate_20	-1087.55	2189.1	3508.25	104.59	3.0688,0.4943,0.9135,0.3218,0.098,7.8826,0.3081
sec_contact_sym_mig_size	Round_3_Replicate_1	-1103.19	2220.38	1793.45	85.32	4.5799,0.7674,0.4276,2.864,0.1642,8.8715,0.5447
sec_contact_sym_mig_size	Round_3_Replicate_2	-704.87	1423.74	1600.64	76.81	6.6116,1.4432,0.4083,0.4325,0.2333,7.2948,0.0698
sec_contact_sym_mig_size	Round_3_Replicate_3	-1067.25	2148.5	1820.71	80.53	2.3726,1.4191,0.4158,4.9606,0.1375,8.9617,0.2642
sec_contact_sym_mig_size	Round_3_Replicate_4	-589.98	1193.96	1034.67	77.85	5.7271,3.3068,0.7611,0.5544,0.0562,7.8918,0.274
sec_contact_sym_mig_size	Round_3_Replicate_5	-1014.97	2043.94	3310.25	71.98	20.4361,0.4017,0.3111,0.5144,0.2083,9.8531,0.1668
sec_contact_sym_mig_size	Round_3_Replicate_6	-536.34	1086.68	622.73	39.22	17.1331,4.3906,0.4032,1.393,0.1433,17.8238,0.2392
sec_contact_sym_mig_size	Round_3_Replicate_7	-726.56	1467.12	1966.43	95.84	15.8591,1.5361,0.346,0.6836,0.0328,6.4513,0.2442
sec_contact_sym_mig_size	Round_3_Replicate_8	-912.32	1838.64	1519.37	58.02	10.7801,1.9085,0.3774,0.7592,0.3537,17.5061,0.454
sec_contact_sym_mig_size	Round_3_Replicate_9	-613.89	1241.78	1308.9	89.8	2.6469,3.0408,0.8802,0.4797,0.0661,6.0613,0.114
sec_contact_sym_mig_size	Round_3_Replicate_10	-1112.41	2238.82	2943.4	82.28	9.9841,2.4817,1.1014,0.5796,0.2817,3.3733,0.1014
sec_contact_sym_mig_size	Round_3_Replicate_11	-728.38	1470.76	938.48	144.6	3.2985,1.0357,0.6462,1.7542,0.0692,2.1945,0.2603
sec_contact_sym_mig_size	Round_3_Replicate_12	-645.11	1304.22	1238.96	83.81	16.5258,3.2725,0.3385,0.4422,0.0489,5.8696,0.1587
sec_contact_sym_mig_size	Round_3_Replicate_13	-1297.88	2609.76	10865.54	57.76	8.9095,0.8511,0.1357,1.1249,0.0524,15.5505,0.0687
sec_contact_sym_mig_size	Round_3_Replicate_14	-785.33	1584.66	1664.6	174.07	10.4712,0.6364,0.2258,1.5537,0.0556,2.3789,0.18
sec_contact_sym_mig_size	Round_3_Replicate_15	-747.8	1509.6	960.76	75.2	4.6383,2.4348,0.3437,3.771,0.1553,7.1661,0.1835
sec_contact_sym_mig_size	Round_3_Replicate_16	-789.49	1592.98	1279.4	98.86	6.3874,0.6655,0.826,1.4932,0.167,5.3449,0.3596
sec_contact_sym_mig_size	Round_3_Replicate_17	-1029.15	2072.3	1876.16	57.59	26.7439,0.3562,0.3113,1.2991,0.2302,17.9076,0.5214
sec_contact_sym_mig_size	Round_3_Replicate_18	-1169.65	2353.3	2866.37	77.06	9.8515,3.2392,0.2543,3.9287,0.0347,6.7769,0.5499
sec_contact_sym_mig_size	Round_3_Replicate_19	-755.01	1524.02	2331.85	103.78	3.1206,1.4687,0.7206,0.3871,0.0767,4.9365,0.0586
sec_contact_sym_mig_size	Round_3_Replicate_20	-720.82	1455.64	2696.01	32.55	25.1793,5.4363,0.1062,2.4906,0.0815,19.6931,0.0728
sec_contact_sym_mig_size	Round_3_Replicate_21	-949.85	1913.7	13959.07	34.98	11.5802,2.7643,1.1533,1.523,0.0322,16.9148,0.1161
sec_contact_sym_mig_size	Round_3_Replicate_22	-614.57	1243.14	668.86	176.85	10.3368,1.2819,0.1585,0.9569,0.1513,2.1584,0.141
sec_contact_sym_mig_size	Round_3_Replicate_23	-988.13	1990.26	2448.58	60.33	12.8435,3.9318,0.3167,2.0903,0.0273,12.8546,0.6151
sec_contact_sym_mig_size	Round_3_Replicate_24	-960.28	1934.56	4137.12	49.35	7.248,1.2533,0.5238,1.0212,0.1078,16.2423,0.1093
sec_contact_sym_mig_size	Round_3_Replicate_25	-718.68	1451.36	1478.32	57.45	6.6002,1.9428,1.7172,1.821,0.097,9.3075,0.2477
sec_contact_sym_mig_size	Round_3_Replicate_26	-895.61	1805.22	2251.79	110.93	4.1621,0.3565,1.2329,0.4957,0.1352,5.4714,0.3726
sec_contact_sym_mig_size	Round_3_Replicate_27	-664.77	1343.54	958.71	158.61	16.3215,0.8477,0.1375,1.1927,0.1915,3.011,0.1162
sec_contact_sym_mig_size	Round_3_Replicate_28	-1134.86	2283.72	2490.57	139.8	2.9306,0.5853,0.239,0.6967,0.1308,6.7825,0.649
sec_contact_sym_mig_size	Round_3_Replicate_29	-997.22	2008.44	1729.12	70.24	20.4102,1.2781,0.2762,1.0057,0.2605,14.8783,0.6124
sec_contact_sym_mig_size	Round_3_Replicate_30	-1170.44	2354.88	3967.74	65.16	7.8798,0.4632,1.8013,0.5643,0.0934,9.0488,0.2504
sec_contact_sym_mig_size	Round_4_Replicate_1	-605.15	1224.3	757.98	48.62	23.7485,3.4127,0.3569,1.6776,0.1852,11.1527,0.1828
sec_contact_sym_mig_size	Round_4_Replicate_2	-552.82	1119.64	553.25	83.27	16.7725,2.884,0.3076,0.9417,0.2104,7.4005,0.2916
sec_contact_sym_mig_size	Round_4_Replicate_3	-581.49	1176.98	651.2	80.65	24.0037,3.0635,0.4085,0.9563,0.2236,6.9972,0.3395
sec_contact_sym_mig_size	Round_4_Replicate_4	-615.95	1245.9	668.83	37.93	16.8707,4.9036,0.363,1.9038,0.2137,17.6271,0.2339
sec_contact_sym_mig_size	Round_4_Replicate_5	-562.27	1138.54	723.1	37.39	22.609,4.9496,0.3196,2.064,0.116,16.1306,0.1885
sec_contact_sym_mig_size	Round_4_Replicate_6	-506.56	1027.12	509.13	52.19	14.3397,5.438,0.4661,1.247,0.0946,11.7835,0.3387
sec_contact_sym_mig_size	Round_4_Replicate_7	-519.26	1052.52	550.07	36.54	24.2845,5.9563,0.3227,1.4365,0.1435,16.7477,0.2013
sec_contact_sym_mig_size	Round_4_Replicate_8	-502.49	1018.98	629.62	47.14	12.0731,4.9898,0.4581,0.7907,0.1044,12.7679,0.1835
sec_contact_sym_mig_size	Round_4_Replicate_9	-651.98	1317.96	1442.33	48.44	14.0239,3.4035,0.2438,2.6127,0.0806,12.2172,0.1299
sec_contact_sym_mig_size	Round_4_Replicate_10	-560.83	1135.66	592.61	49.07	5.9401,4.5359,0.5389,1.3233,0.2049,13.3065,0.1892
sec_contact_sym_mig_size	Round_4_Replicate_11	-475.25	964.5	475.87	30.93	20.9115,8.8507,0.4028,0.9131,0.1326,21.5823,0.2317
sec_contact_sym_mig_size	Round_4_Replicate_12	-585.84	1185.68	626.81	60.63	14.7198,2.9964,0.3855,1.8249,0.1342,10.4495,0.3167
sec_contact_sym_mig_size	Round_4_Replicate_13	-503.12	1020.24	526.05	45.48	17.532,6.3167,0.3124,0.9914,0.1185,14.7419,0.2545
sec_contact_sym_mig_size	Round_4_Replicate_14	-571.64	1157.28	658.26	64.27	8.3478,2.7815,0.6029,1.061,0.2029,9.6868,0.2695
sec_contact_sym_mig_size	Round_4_Replicate_15	-484.75	983.5	514.41	45.35	15.0216,5.976,0.2727,0.7565,0.148,13.7209,0.1592
sec_contact_sym_mig_size	Round_4_Replicate_16	-500.92	1015.84	546.35	29.72	17.5903,7.2836,0.612,1.6989,0.0891,22.4887,0.3101
sec_contact_sym_mig_size	Round_4_Replicate_17	-506.56	1027.12	535.08	30.5	17.8678,7.0371,0.7165,1.8946,0.0871,21.1309,0.3523
sec_contact_sym_mig_size	Round_4_Replicate_18	-531.12	1076.24	522.81	59.77	18.9761,4.6137,0.3983,1.0482,0.1666,10.6743,0.3469
sec_contact_sym_mig_size	Round_4_Replicate_19	-501.31	1016.62	577.73	47.74	29.9432,6.5736,0.4503,0.7451,0.1097,14.1769,0.3609
sec_contact_sym_mig_size	Round_4_Replicate_20	-502.77	1019.54	496.04	74.64	13.874,3.5082,0.2128,0.7301,0.196,8.222,0.1723
sec_contact_sym_mig_size	Round_4_Replicate_21	-489.52	993.04	498.16	30.41	28.4174,7.9327,0.4237,1.318,0.1094,21.9576,0.2893
sec_contact_sym_mig_size	Round_4_Replicate_22	-599.44	1212.88	825.29	60.55	10.4387,2.8736,0.7944,0.733,0.166,9.0069,0.225
sec_contact_sym_mig_size	Round_4_Replicate_23	-507.07	1028.14	538.63	55.17	13.2834,5.633,0.5974,0.8906,0.1182,11.9359,0.4129
sec_contact_sym_mig_size	Round_4_Replicate_24	-583.76	1181.52	738.48	38.36	12.1523,5.1644,0.3113,2.2069,0.1441,16.1931,0.1561
sec_contact_sym_mig_size	Round_4_Replicate_25	-493.08	1000.16	528.58	50.3	10.4309,4.5631,0.4172,0.9768,0.1335,12.6318,0.2042
sec_contact_sym_mig_size	Round_4_Replicate_26	-610.37	1234.74	696.0	26.71	29.9375,6.0605,0.2696,1.4791,0.273,27.3517,0.1823
sec_contact_sym_mig_size	Round_4_Replicate_27	-609.34	1232.68	1059.11	39.87	13.4366,4.6743,0.3039,2.5018,0.0781,15.9918,0.1762
sec_contact_sym_mig_size	Round_4_Replicate_28	-635.39	1284.78	1009.5	51.16	29.2684,3.2551,0.385,0.747,0.1492,16.7282,0.4087
sec_contact_sym_mig_size	Round_4_Replicate_29	-593.72	1201.44	783.4	53.95	7.5445,3.0064,0.76,2.1297,0.1119,10.6361,0.2429
sec_contact_sym_mig_size	Round_4_Replicate_30	-538.12	1090.24	601.09	40.98	16.8878,5.1525,0.5868,1.8455,0.0959,13.7076,0.2816
sec_contact_sym_mig_size	Round_4_Replicate_31	-536.42	1086.84	652.43	26.23	18.7876,8.1552,0.656,2.6927,0.0696,23.448,0.3048
sec_contact_sym_mig_size	Round_4_Replicate_32	-498.33	1010.66	627.77	34.5	18.0419,9.0435,0.5768,0.7675,0.0776,19.9655,0.3151
sec_contact_sym_mig_size	Round_4_Replicate_33	-523.91	1061.82	524.44	40.13	15.6416,5.4472,0.3008,1.1576,0.2155,16.0362,0.1728
sec_contact_sym_mig_size	Round_4_Replicate_34	-517.63	1049.26	515.03	36.56	10.0353,6.7106,0.637,1.5285,0.1326,17.4158,0.2602
sec_contact_sym_mig_size	Round_4_Replicate_35	-748.45	1510.9	919.64	85.25	14.1159,2.6688,0.3497,1.8705,0.213,6.2002,0.3764
sec_contact_sym_mig_size	Round_4_Replicate_36	-496.84	1007.68	487.09	41.44	9.3609,6.9533,0.6917,0.9063,0.1645,15.2115,0.25
sec_contact_sym_mig_size	Round_4_Replicate_37	-545.49	1104.98	644.16	30.26	22.0592,6.1451,0.47,2.0952,0.1189,20.2529,0.2283
sec_contact_sym_mig_size	Round_4_Replicate_38	-481.59	977.18	473.51	37.52	18.9981,8.0069,0.4334,0.8551,0.1391,16.9564,0.2512
sec_contact_sym_mig_size	Round_4_Replicate_39	-663.25	1340.5	757.25	44.58	27.414,5.9914,0.3469,1.5926,0.2045,15.4278,0.3993
sec_contact_sym_mig_size	Round_4_Replicate_40	-507.68	1029.36	633.94	40.42	7.765,5.632,0.7957,0.7611,0.1297,17.4888,0.2114
