Model	Replicate	log-likelihood	AIC	chi-squared	theta	optimized_params(nu1a, nu2a, nu1b, nu2b, T1, T2)
no_mig_size	Round_1_Replicate_1	-1255.12	2522.24	6722.49	325.82	0.9499,1.1215,1.0503,0.165,0.3134,0.4689
no_mig_size	Round_1_Replicate_2	-2659.67	5331.34	408862.86	163.84	5.8633,0.1569,5.444,0.1741,0.1549,1.1114
no_mig_size	Round_1_Replicate_3	-4349.75	8711.5	1.46220071393e+11	188.71	0.5869,0.3435,1.2331,0.2536,4.2003,0.2404
no_mig_size	Round_1_Replicate_4	-1422.01	2856.02	11598.35	114.67	2.3367,3.5523,0.5063,3.1284,1.7392,1.0283
no_mig_size	Round_1_Replicate_5	-6159.61	12331.22	5.09215837393e+14	61.7	0.2667,0.5457,0.2455,7.2343,0.7748,5.5051
no_mig_size	Round_1_Replicate_6	-2093.7	4199.4	743974.86	84.18	0.8085,3.0827,6.1464,8.0102,4.8111,0.1218
no_mig_size	Round_1_Replicate_7	-1769.95	3551.9	229322.52	96.99	7.1777,3.5657,0.7765,2.1719,3.3603,2.917
no_mig_size	Round_1_Replicate_8	-1313.69	2639.38	7317.71	210.21	1.8511,4.4545,2.053,0.267,0.7111,0.7186
no_mig_size	Round_1_Replicate_9	-2025.29	4062.58	1616321.27	98.57	2.5453,1.7962,1.6543,0.8535,6.0161,1.5594
no_mig_size	Round_1_Replicate_10	-1604.72	3221.44	24728.17	67.9	1.9796,6.067,0.3149,5.8353,4.74,0.2107
no_mig_size	Round_2_Replicate_1	-848.34	1708.68	3068.45	264.38	0.5937,1.0714,0.9749,0.4392,0.8683,0.2494
no_mig_size	Round_2_Replicate_2	-854.93	1721.86	1664.67	220.37	2.1618,4.3479,1.0252,0.289,0.9532,0.2307
no_mig_size	Round_2_Replicate_3	-908.44	1828.88	1949.71	359.4	2.7106,0.3369,0.5394,0.1905,0.2912,0.1719
no_mig_size	Round_2_Replicate_4	-6944.78	13901.56	1.13896948437e+17	401.0	1.5052,0.5961,0.3247,0.0593,0.192,1.7202
no_mig_size	Round_2_Replicate_5	-1084.05	2180.1	6211.32	303.55	0.9816,2.3169,0.8846,0.227,0.5707,0.5499
no_mig_size	Round_2_Replicate_6	-919.77	1851.54	1985.11	295.39	1.9206,1.1813,1.0173,0.265,0.315,0.3745
no_mig_size	Round_2_Replicate_7	-1611.19	3234.38	60267.82	355.46	0.4064,0.2936,0.8084,0.1832,0.4205,0.5949
no_mig_size	Round_2_Replicate_8	-733.25	1478.5	1429.1	413.49	1.4859,0.3245,0.2981,0.19,0.3167,0.1298
no_mig_size	Round_2_Replicate_9	-1170.93	2353.86	8977.8	301.16	0.4901,1.0108,1.8444,0.1747,1.0323,0.1882
no_mig_size	Round_2_Replicate_10	-1105.6	2223.2	2487.12	219.73	2.571,2.9337,1.7116,0.621,0.1774,0.5849
no_mig_size	Round_2_Replicate_11	-2293.9	4599.8	183885.81	341.5	0.4256,1.302,1.4462,0.0789,0.3162,0.4889
no_mig_size	Round_2_Replicate_12	-1159.17	2330.34	2702.3	230.21	1.7361,0.5803,3.1221,0.281,0.6187,0.1915
no_mig_size	Round_2_Replicate_13	-918.72	1849.44	2650.72	395.32	0.8489,1.6282,0.5814,0.1141,0.4073,0.2036
no_mig_size	Round_2_Replicate_14	-780.44	1572.88	2452.24	434.8	0.4283,1.9879,0.3478,0.2675,0.1187,0.4531
no_mig_size	Round_2_Replicate_15	-2562.4	5136.8	10975353.36	347.13	0.4728,0.3462,0.4439,0.2115,0.2925,1.46
no_mig_size	Round_2_Replicate_16	-1129.11	2270.22	3449.79	177.42	2.2902,1.2275,2.484,0.6206,0.091,1.2195
no_mig_size	Round_2_Replicate_17	-1214.8	2441.6	6702.55	257.0	0.5221,0.6151,2.3089,0.3035,0.6054,0.4413
no_mig_size	Round_2_Replicate_18	-1656.67	3325.34	19381.51	443.19	0.2736,0.8489,0.8442,0.0811,0.1945,0.3287
no_mig_size	Round_2_Replicate_19	-3608.91	7229.82	775184395.31	399.5	3.1148,0.6315,0.5454,0.0643,0.3264,0.8868
no_mig_size	Round_2_Replicate_20	-690.38	1392.76	1135.38	345.12	0.903,0.8459,0.3667,0.4332,0.3295,0.2848
no_mig_size	Round_3_Replicate_1	-1084.26	2180.52	11056.81	247.38	0.4564,1.2904,0.5194,0.567,1.2779,0.1602
no_mig_size	Round_3_Replicate_2	-1089.09	2190.18	2364.04	275.75	0.5252,1.4061,0.2606,1.1094,0.2001,0.3964
no_mig_size	Round_3_Replicate_3	-1221.32	2454.64	4728.56	268.62	1.1418,2.6746,0.1735,0.8932,0.5618,0.3827
no_mig_size	Round_3_Replicate_4	-867.41	1746.82	1491.55	256.83	0.9305,1.9179,0.7175,0.8011,0.1391,0.5775
no_mig_size	Round_3_Replicate_5	-1489.86	2991.72	65863.28	357.46	0.2818,1.3689,0.3291,0.3881,0.3792,0.8794
no_mig_size	Round_3_Replicate_6	-712.82	1437.64	1285.2	300.21	0.7241,2.6111,0.8267,0.1419,0.7615,0.0916
no_mig_size	Round_3_Replicate_7	-1004.27	2020.54	6850.85	348.74	0.3819,0.5275,0.2669,0.5225,0.8106,0.1006
no_mig_size	Round_3_Replicate_8	-1290.55	2593.1	4389.37	315.11	0.8038,0.7888,0.2883,0.9049,0.1085,0.1635
no_mig_size	Round_3_Replicate_9	-1032.21	2076.42	7830.4	386.92	0.5948,0.2868,0.446,0.2339,0.6997,0.1261
no_mig_size	Round_3_Replicate_10	-632.63	1277.26	840.14	490.36	1.5107,2.888,0.1725,0.2089,0.1156,0.1834
no_mig_size	Round_3_Replicate_11	-745.05	1502.1	2675.2	349.21	2.6063,0.9834,0.1683,0.2297,1.0054,0.1789
no_mig_size	Round_3_Replicate_12	-1676.14	3364.28	34203.66	218.57	0.4228,1.2819,0.2329,1.5063,0.7043,0.6369
no_mig_size	Round_3_Replicate_13	-1404.81	2821.62	6256.45	318.07	0.6535,2.3024,0.2619,0.744,0.1068,0.1397
no_mig_size	Round_3_Replicate_14	-1485.76	2983.52	16994.84	220.53	0.389,0.7927,0.2949,1.5106,0.1361,1.0199
no_mig_size	Round_3_Replicate_15	-1068.32	2148.64	1751.99	340.27	0.5703,0.4814,0.1498,1.2114,0.1818,0.1209
no_mig_size	Round_3_Replicate_16	-920.44	1852.88	1863.03	230.58	1.413,1.8644,0.8521,0.7251,0.5141,0.3334
no_mig_size	Round_3_Replicate_17	-1261.62	2535.24	15054.6	425.24	0.2465,3.233,0.1971,0.3208,0.3863,0.4308
no_mig_size	Round_3_Replicate_18	-879.94	1771.88	3833.23	395.21	0.3309,0.3796,0.4972,0.3123,0.4964,0.1767
no_mig_size	Round_3_Replicate_19	-813.7	1639.4	1692.62	188.81	2.834,1.7128,0.3578,1.0144,1.2736,0.204
no_mig_size	Round_3_Replicate_20	-696.62	1405.24	1784.58	242.5	1.7043,2.2623,0.5009,0.3713,1.1803,0.266
no_mig_size	Round_3_Replicate_21	-1661.82	3335.64	96325.0	347.65	2.9293,0.3692,0.2236,0.469,0.7272,0.711
no_mig_size	Round_3_Replicate_22	-1412.17	2836.34	36576.02	229.71	0.2348,0.4752,0.4375,1.1682,0.3311,1.0871
no_mig_size	Round_3_Replicate_23	-864.65	1741.3	1490.96	311.46	1.932,2.5758,0.2331,0.5097,0.3482,0.1784
no_mig_size	Round_3_Replicate_24	-1068.17	2148.34	10201.84	378.57	1.384,0.4666,0.4143,0.3381,0.0781,0.8369
no_mig_size	Round_3_Replicate_25	-676.51	1365.02	999.1	402.3	0.3734,1.1589,0.4532,0.2298,0.253,0.17
no_mig_size	Round_3_Replicate_26	-781.13	1574.26	1511.68	280.93	1.49,2.4555,0.8077,0.5007,0.1626,0.6294
no_mig_size	Round_3_Replicate_27	-1408.44	2828.88	12195.99	216.22	0.3838,0.3501,0.3272,1.5996,0.0775,1.0485
no_mig_size	Round_3_Replicate_28	-980.3	1972.6	2098.53	293.93	2.0199,1.8092,0.562,0.6791,0.0976,0.365
no_mig_size	Round_3_Replicate_29	-713.11	1438.22	1177.25	407.48	3.2011,0.7892,0.3849,0.2131,0.1807,0.2327
no_mig_size	Round_3_Replicate_30	-649.86	1311.72	1032.66	403.21	1.1761,1.3123,0.3146,0.1892,0.3361,0.1767
no_mig_size	Round_4_Replicate_1	-627.3	1266.6	930.4	483.54	1.8486,5.8842,0.2382,0.2056,0.0866,0.2355
no_mig_size	Round_4_Replicate_2	-618.55	1249.1	921.14	539.95	2.4147,2.623,0.1803,0.1371,0.0856,0.1614
no_mig_size	Round_4_Replicate_3	-626.48	1264.96	950.93	507.37	2.2514,6.3081,0.2243,0.1705,0.0806,0.2077
no_mig_size	Round_4_Replicate_4	-634.39	1280.78	903.94	471.36	0.9308,2.0915,0.252,0.2286,0.0753,0.2407
no_mig_size	Round_4_Replicate_5	-627.31	1266.62	901.98	480.49	1.03,1.6952,0.1817,0.2092,0.1669,0.1893
no_mig_size	Round_4_Replicate_6	-628.45	1268.9	1031.74	537.8	1.5332,1.5463,0.1772,0.1202,0.139,0.1484
no_mig_size	Round_4_Replicate_7	-743.88	1499.76	1009.56	419.42	1.183,2.527,0.2478,0.3436,0.0592,0.2261
no_mig_size	Round_4_Replicate_8	-737.92	1487.84	1855.59	545.27	1.4522,6.4759,0.2336,0.1555,0.064,0.2871
no_mig_size	Round_4_Replicate_9	-608.73	1229.46	846.61	496.59	2.2032,3.3027,0.1437,0.161,0.2115,0.1503
no_mig_size	Round_4_Replicate_10	-632.01	1276.02	976.55	448.72	1.0966,2.5513,0.2651,0.2253,0.1654,0.2451
no_mig_size	Round_4_Replicate_11	-663.3	1338.6	942.77	477.7	2.2731,4.7754,0.193,0.266,0.0591,0.2416
no_mig_size	Round_4_Replicate_12	-647.81	1307.62	1050.84	547.36	2.2467,1.6699,0.1968,0.1212,0.0674,0.1562
no_mig_size	Round_4_Replicate_13	-630.91	1273.82	968.68	440.78	1.6117,3.7207,0.2609,0.2319,0.182,0.2514
no_mig_size	Round_4_Replicate_14	-676.38	1364.76	1257.51	440.02	0.787,1.8602,0.1975,0.2512,0.2894,0.2281
no_mig_size	Round_4_Replicate_15	-611.77	1235.54	864.24	548.87	0.9372,1.8865,0.169,0.1529,0.061,0.1666
no_mig_size	Round_4_Replicate_16	-665.1	1342.2	1094.07	462.3	2.8303,1.7011,0.1758,0.2572,0.1865,0.236
no_mig_size	Round_4_Replicate_17	-733.21	1478.42	992.26	426.27	0.7785,4.3704,0.2458,0.3065,0.0769,0.2048
no_mig_size	Round_4_Replicate_18	-658.79	1329.58	934.95	411.09	2.2546,2.8222,0.2679,0.3128,0.1551,0.2787
no_mig_size	Round_4_Replicate_19	-690.63	1393.26	1077.78	432.81	1.5541,2.692,0.2325,0.3372,0.083,0.3055
no_mig_size	Round_4_Replicate_20	-607.35	1226.7	809.82	549.0	0.7829,2.6986,0.1485,0.1335,0.0942,0.1323
no_mig_size	Round_4_Replicate_21	-674.14	1360.28	1177.1	468.6	0.896,3.2391,0.3313,0.192,0.0671,0.2721
no_mig_size	Round_4_Replicate_22	-626.8	1265.6	933.46	497.89	1.0819,2.7326,0.2326,0.196,0.0676,0.2265
no_mig_size	Round_4_Replicate_23	-633.4	1278.8	958.32	441.69	1.1218,4.9468,0.2812,0.2173,0.1749,0.2395
no_mig_size	Round_4_Replicate_24	-617.95	1247.9	824.98	513.3	1.6232,3.9496,0.1834,0.1596,0.0971,0.1603
no_mig_size	Round_4_Replicate_25	-781.14	1574.28	1135.73	429.21	2.055,5.8211,0.1591,0.351,0.1053,0.2069
no_mig_size	Round_4_Replicate_26	-808.07	1628.14	1513.83	485.24	1.245,1.6202,0.1282,0.2976,0.0926,0.2249
no_mig_size	Round_4_Replicate_27	-635.47	1282.94	1055.1	500.19	2.7491,3.6699,0.2195,0.1471,0.1515,0.1906
no_mig_size	Round_4_Replicate_28	-615.04	1242.08	906.1	522.8	1.1495,4.6602,0.1904,0.1646,0.0935,0.1872
no_mig_size	Round_4_Replicate_29	-636.78	1285.56	1011.67	419.82	2.4443,3.0976,0.273,0.2589,0.2162,0.2776
no_mig_size	Round_4_Replicate_30	-621.06	1254.12	893.32	478.16	0.8326,3.5868,0.231,0.1837,0.1476,0.1931
no_mig_size	Round_4_Replicate_31	-710.28	1432.56	969.52	388.33	1.3464,5.9013,0.2812,0.3362,0.168,0.2382
no_mig_size	Round_4_Replicate_32	-631.35	1274.7	932.73	453.64	0.933,2.2525,0.268,0.2117,0.1549,0.2231
no_mig_size	Round_4_Replicate_33	-710.88	1433.76	1243.04	509.69	0.7515,4.5491,0.2727,0.1137,0.0885,0.1524
no_mig_size	Round_4_Replicate_34	-624.95	1261.9	875.57	477.12	1.0045,5.416,0.2083,0.2079,0.1346,0.2048
no_mig_size	Round_4_Replicate_35	-663.44	1338.88	1071.9	408.48	1.2857,1.7305,0.264,0.3204,0.2002,0.2947
no_mig_size	Round_4_Replicate_36	-609.0	1230.0	888.55	515.59	1.4019,6.153,0.1547,0.1526,0.1747,0.1599
no_mig_size	Round_4_Replicate_37	-630.99	1273.98	912.96	478.91	0.9823,1.6708,0.2491,0.1887,0.1113,0.2028
no_mig_size	Round_4_Replicate_38	-650.88	1313.76	1054.36	440.57	0.9233,1.7172,0.3237,0.2176,0.1489,0.257
no_mig_size	Round_4_Replicate_39	-609.92	1231.84	870.32	563.52	0.914,1.5738,0.1536,0.1442,0.0626,0.157
no_mig_size	Round_4_Replicate_40	-704.41	1420.82	966.96	429.16	1.7694,4.728,0.2142,0.3349,0.09,0.2501
