Model	Replicate	log-likelihood	AIC	chi-squared	theta	optimized_params(nu1, nu2, m12, m21, T)
asym_mig	Round_1_Replicate_1	-3964.46	7938.92	4140819.49	236.3	3.5394,0.973,0.139,0.196,0.2427
asym_mig	Round_1_Replicate_2	-3304.27	6618.54	284331.28	88.61	0.1758,4.8739,5.1954,0.3964,5.4058
asym_mig	Round_1_Replicate_3	-7557.27	15124.54	15291367378.1	52.58	2.4916,7.0629,2.8709,0.3401,6.9998
asym_mig	Round_1_Replicate_4	-3415.52	6841.04	1282881.1	130.41	2.2599,3.0127,0.4352,0.2567,0.981
asym_mig	Round_1_Replicate_5	-3244.91	6499.82	228775.27	142.47	0.3352,4.9253,0.3249,0.8201,1.3429
asym_mig	Round_1_Replicate_6	-4866.3	9742.6	22304646.39	477.39	5.6153,0.2201,6.4825,1.1059,1.2182
asym_mig	Round_1_Replicate_7	-3996.2	8002.4	5066283.1	238.55	0.7442,1.6471,0.2469,1.7775,0.3448
asym_mig	Round_1_Replicate_8	-3571.81	7153.62	1168063.73	262.71	3.5328,0.2992,2.4485,0.9461,2.4338
asym_mig	Round_1_Replicate_9	-8650.43	17310.86	1.39324687707e+11	94.12	7.3898,1.6203,3.9989,1.9076,6.8847
asym_mig	Round_1_Replicate_10	-2630.7	5271.4	22957.47	88.57	0.2161,6.0401,0.2403,0.3028,4.6127
asym_mig	Round_2_Replicate_1	-1794.07	3598.14	6679.18	131.49	0.3047,2.8872,0.1296,0.239,3.181
asym_mig	Round_2_Replicate_2	-2198.09	4406.18	13858.17	47.33	0.439,9.4987,0.4543,0.1064,9.8147
asym_mig	Round_2_Replicate_3	-2607.64	5225.28	11903.38	59.89	0.3063,16.0042,0.3001,0.0907,2.8399
asym_mig	Round_2_Replicate_4	-3208.9	6427.8	33683.65	58.51	0.1022,8.0467,0.0898,0.2011,16.4868
asym_mig	Round_2_Replicate_5	-3065.58	6141.16	75987.14	52.98	0.4656,11.009,0.1093,0.3009,19.847
asym_mig	Round_2_Replicate_6	-4212.93	8435.86	199791.43	131.11	0.1262,11.7238,0.0669,1.1544,1.6783
asym_mig	Round_2_Replicate_7	-773.72	1557.44	1008.21	117.97	0.779,1.818,0.1108,0.0723,5.6952
asym_mig	Round_2_Replicate_8	-2613.29	5236.58	19023.31	178.61	0.1068,2.8733,0.187,0.5345,1.6406
asym_mig	Round_2_Replicate_9	-2371.64	4753.28	11335.04	150.72	0.0912,4.0425,0.1447,0.1189,1.2271
asym_mig	Round_2_Replicate_10	-1868.68	3747.36	12143.99	173.45	0.2748,1.8068,0.9036,0.4221,3.4217
asym_mig	Round_2_Replicate_11	-3602.38	7214.76	64794.13	101.23	0.1249,8.6694,0.1174,0.6289,3.954
asym_mig	Round_2_Replicate_12	-2432.33	4874.66	12973.03	160.15	0.0967,3.7558,0.4955,0.3069,1.236
asym_mig	Round_2_Replicate_13	-1743.93	3497.86	6230.55	64.68	0.4115,4.6254,0.1357,0.1165,15.8164
asym_mig	Round_2_Replicate_14	-4284.93	8579.86	714137.31	97.39	0.2529,15.1513,0.3559,1.05,13.2061
asym_mig	Round_2_Replicate_15	-3169.54	6349.08	35471.42	155.99	0.0924,4.1172,0.0831,0.6717,2.0007
asym_mig	Round_2_Replicate_16	-3055.99	6121.98	105672.03	108.6	0.3387,7.3686,0.9062,0.4422,1.5189
asym_mig	Round_2_Replicate_17	-2889.46	5788.92	22676.83	89.23	0.1122,6.1996,0.1578,0.2584,4.466
asym_mig	Round_2_Replicate_18	-3950.94	7911.88	117680.49	93.42	0.1567,11.7352,0.0663,0.7202,12.9903
asym_mig	Round_2_Replicate_19	-1856.36	3722.72	6791.64	108.94	0.1479,4.0959,0.3521,0.0841,3.2906
asym_mig	Round_2_Replicate_20	-3967.77	7945.54	68182.39	106.39	0.0695,9.9338,0.1658,0.7691,9.8194
asym_mig	Round_3_Replicate_1	-747.36	1504.72	942.66	133.9	0.4866,1.5137,0.2865,0.0622,12.1543
asym_mig	Round_3_Replicate_2	-812.45	1634.9	1183.42	77.38	1.4877,2.5076,0.2366,0.0229,18.0572
asym_mig	Round_3_Replicate_3	-758.98	1527.96	1031.63	188.55	1.4178,0.7906,0.0597,0.0496,1.6599
asym_mig	Round_3_Replicate_4	-913.93	1837.86	1665.97	157.3	1.4996,1.1329,0.0554,0.1891,2.121
asym_mig	Round_3_Replicate_5	-919.18	1848.36	1404.09	168.98	0.4578,1.8187,0.148,0.0122,2.0058
asym_mig	Round_3_Replicate_6	-904.45	1818.9	1415.68	157.27	0.3765,1.6071,0.217,0.0785,3.9517
asym_mig	Round_3_Replicate_7	-982.85	1975.7	2060.88	153.82	0.2791,0.9151,0.1734,0.0292,20.3825
asym_mig	Round_3_Replicate_8	-758.37	1526.74	934.21	134.67	0.959,1.6159,0.2008,0.0573,3.8112
asym_mig	Round_3_Replicate_9	-833.2	1676.4	1350.47	176.23	1.3596,0.6562,0.247,0.0843,3.2002
asym_mig	Round_3_Replicate_10	-1132.36	2274.72	2464.78	133.78	0.8138,2.4799,0.2375,0.0736,2.1486
asym_mig	Round_3_Replicate_11	-842.96	1695.92	1192.27	129.14	0.8259,1.5525,0.1278,0.1393,5.4407
asym_mig	Round_3_Replicate_12	-804.74	1619.48	1209.6	87.26	0.7405,2.6518,0.0958,0.0199,8.505
asym_mig	Round_3_Replicate_13	-884.71	1779.42	1351.24	90.92	2.3077,2.6554,0.0385,0.0208,3.5754
asym_mig	Round_3_Replicate_14	-821.3	1652.6	1066.33	121.82	1.1962,2.1636,0.072,0.0316,2.8482
asym_mig	Round_3_Replicate_15	-866.72	1743.44	1474.28	106.51	0.5345,2.1804,0.104,0.0226,6.9162
asym_mig	Round_3_Replicate_16	-765.14	1540.28	982.79	135.94	1.1973,1.3577,0.0579,0.1338,3.7464
asym_mig	Round_3_Replicate_17	-838.42	1686.84	1104.7	128.53	0.6758,2.0068,0.2342,0.055,4.1191
asym_mig	Round_3_Replicate_18	-1080.95	2171.9	2939.11	144.17	1.6676,1.4497,0.1045,0.1408,1.9565
asym_mig	Round_3_Replicate_19	-679.48	1368.96	814.41	143.89	0.5652,1.3226,0.2995,0.012,10.8793
asym_mig	Round_3_Replicate_20	-1128.74	2267.48	3390.49	151.09	1.5643,1.4496,0.093,0.1582,1.7276
asym_mig	Round_3_Replicate_21	-817.19	1644.38	1096.22	180.1	0.5791,1.4327,0.0988,0.0628,2.0848
asym_mig	Round_3_Replicate_22	-813.03	1636.06	1147.93	116.67	1.4911,1.4078,0.0309,0.1677,5.117
asym_mig	Round_3_Replicate_23	-690.38	1390.76	847.79	153.06	0.5599,1.2464,0.192,0.058,5.4883
asym_mig	Round_3_Replicate_24	-797.33	1604.66	1426.99	128.34	0.6241,0.8568,0.1446,0.0299,24.4391
asym_mig	Round_3_Replicate_25	-720.78	1451.56	826.16	80.0	1.0951,2.7132,0.1547,0.0265,10.3778
asym_mig	Round_3_Replicate_26	-641.22	1292.44	801.75	179.74	1.013,0.7414,0.0811,0.1003,3.2587
asym_mig	Round_3_Replicate_27	-1118.9	2247.8	2224.99	193.63	0.5452,1.4884,0.0544,0.2153,1.5398
asym_mig	Round_3_Replicate_28	-687.14	1384.28	840.53	195.33	0.8,0.8004,0.2958,0.0591,3.3097
asym_mig	Round_3_Replicate_29	-658.86	1327.72	880.15	141.9	1.4489,0.794,0.0422,0.1072,4.5753
asym_mig	Round_3_Replicate_30	-747.9	1505.8	919.34	98.49	1.8196,2.143,0.0806,0.0293,4.3707
asym_mig	Round_4_Replicate_1	-637.1	1284.2	803.21	160.45	1.0412,0.8416,0.0936,0.0779,4.1172
asym_mig	Round_4_Replicate_2	-700.4	1410.8	831.44	169.02	1.122,1.1112,0.0546,0.066,2.2306
asym_mig	Round_4_Replicate_3	-645.97	1301.94	818.2	124.99	1.1689,1.1487,0.0642,0.0657,5.8979
asym_mig	Round_4_Replicate_4	-646.81	1303.62	849.19	140.37	1.3215,0.8489,0.0623,0.0913,4.9464
asym_mig	Round_4_Replicate_5	-668.19	1346.38	936.92	196.97	1.032,0.5115,0.0545,0.1768,3.3765
asym_mig	Round_4_Replicate_6	-659.29	1328.58	913.97	204.31	0.9928,0.5319,0.0824,0.1353,2.9511
asym_mig	Round_4_Replicate_7	-662.84	1335.68	890.88	161.77	1.1416,0.6451,0.059,0.1642,4.9611
asym_mig	Round_4_Replicate_8	-640.77	1291.54	819.83	130.06	1.1284,0.9605,0.0953,0.0837,6.9114
asym_mig	Round_4_Replicate_9	-642.9	1295.8	734.48	142.26	0.968,1.2284,0.1383,0.0383,4.4084
asym_mig	Round_4_Replicate_10	-663.81	1337.62	757.95	163.19	0.6492,1.2113,0.1979,0.0374,3.9393
asym_mig	Round_4_Replicate_11	-666.34	1342.68	894.71	182.62	1.1822,0.676,0.0349,0.1061,2.7826
asym_mig	Round_4_Replicate_12	-633.77	1277.54	774.53	114.57	1.2621,1.2378,0.0992,0.0504,7.047
asym_mig	Round_4_Replicate_13	-710.21	1430.42	1043.96	250.73	0.5416,0.4978,0.0681,0.1744,2.9198
asym_mig	Round_4_Replicate_14	-662.28	1334.56	809.44	204.59	0.6083,0.922,0.2033,0.0246,2.5957
asym_mig	Round_4_Replicate_15	-720.51	1451.02	1019.39	177.34	1.0749,1.0243,0.014,0.0586,2.1266
asym_mig	Round_4_Replicate_16	-660.27	1330.54	853.83	220.98	0.9378,0.5133,0.0681,0.1936,2.4843
asym_mig	Round_4_Replicate_17	-649.93	1309.86	868.27	173.22	1.0163,0.6402,0.1001,0.1318,4.4714
asym_mig	Round_4_Replicate_18	-648.27	1306.54	723.74	151.49	0.7618,1.1745,0.2053,0.0467,4.9941
asym_mig	Round_4_Replicate_19	-662.53	1335.06	803.55	160.24	0.9016,1.1811,0.0953,0.0359,3.1173
asym_mig	Round_4_Replicate_20	-682.97	1375.94	756.42	179.36	0.6662,1.1458,0.2221,0.0538,2.9391
asym_mig	Round_4_Replicate_21	-651.72	1313.44	790.03	159.07	0.8177,1.1393,0.1368,0.0294,3.7276
asym_mig	Round_4_Replicate_22	-641.07	1292.14	807.66	108.24	1.4316,1.2859,0.0561,0.058,6.875
asym_mig	Round_4_Replicate_23	-651.98	1313.96	742.08	182.23	0.6928,0.8689,0.2343,0.0956,4.4061
asym_mig	Round_4_Replicate_24	-674.24	1358.48	848.62	148.89	1.387,0.8105,0.0298,0.1476,4.1088
asym_mig	Round_4_Replicate_25	-695.14	1400.28	1058.21	185.06	1.1966,0.4478,0.0467,0.2162,4.0541
asym_mig	Round_4_Replicate_26	-644.18	1298.36	762.79	145.92	1.0783,1.1437,0.0802,0.0542,3.8581
asym_mig	Round_4_Replicate_27	-659.76	1329.52	787.46	167.7	1.097,1.0055,0.0667,0.059,2.6879
asym_mig	Round_4_Replicate_28	-638.72	1287.44	744.7	135.93	1.1383,1.1924,0.0912,0.0536,4.495
asym_mig	Round_4_Replicate_29	-668.9	1347.8	751.63	191.37	0.7433,0.987,0.1376,0.0826,2.497
asym_mig	Round_4_Replicate_30	-680.73	1371.46	847.22	174.42	1.2861,0.8606,0.0431,0.0744,2.3255
asym_mig	Round_4_Replicate_31	-721.41	1452.82	1156.36	150.48	1.5445,0.4707,0.0329,0.2357,6.1642
asym_mig	Round_4_Replicate_32	-663.21	1336.42	850.92	153.3	1.4,0.7867,0.0359,0.1175,3.7101
asym_mig	Round_4_Replicate_33	-678.69	1367.38	800.68	186.22	0.675,1.1156,0.1709,0.0257,2.5136
asym_mig	Round_4_Replicate_34	-653.79	1317.58	819.62	161.02	1.2506,0.8086,0.046,0.1064,3.456
asym_mig	Round_4_Replicate_35	-648.33	1306.66	834.47	185.77	1.0036,0.6378,0.0792,0.1404,3.4839
asym_mig	Round_4_Replicate_36	-642.11	1294.22	737.85	132.89	0.8812,1.3081,0.1554,0.0375,5.7457
asym_mig	Round_4_Replicate_37	-636.92	1283.84	799.39	106.16	1.5447,1.3241,0.0627,0.0458,6.6369
asym_mig	Round_4_Replicate_38	-686.77	1383.54	867.25	191.35	1.2479,0.7059,0.0315,0.1137,2.0879
asym_mig	Round_4_Replicate_39	-689.43	1388.86	1024.4	284.66	0.5087,0.3552,0.393,0.1605,6.2221
asym_mig	Round_4_Replicate_40	-662.13	1334.26	893.46	181.14	1.1934,0.6464,0.052,0.1083,2.9786
