Model	Replicate	log-likelihood	AIC	chi-squared	theta	optimized_params(nu1a, nu2a, nu1b, nu2b, m12, m21, T1, T2)
anc_asym_mig_size	Round_1_Replicate_1	-715.71	1447.42	1071.8	562.27	0.2817,0.6293,0.2572,0.2681,3.021,5.8392,6.89,0.2298
anc_asym_mig_size	Round_1_Replicate_2	-984.66	1985.32	6378.3	409.84	0.195,3.0753,0.3339,0.3164,8.1962,3.2953,0.269,0.6652
anc_asym_mig_size	Round_1_Replicate_3	-1142.03	2300.06	2212.95	342.45	0.1905,0.1982,0.7016,1.0359,3.6298,0.2128,0.1582,0.1703
anc_asym_mig_size	Round_1_Replicate_4	-1830.78	3677.56	5711.1	204.06	0.1236,0.3977,0.4148,4.2743,0.8186,1.5778,1.0014,0.4746
anc_asym_mig_size	Round_1_Replicate_5	-1728.56	3473.12	33356.89	191.19	6.6258,2.5384,0.2658,1.8521,2.0811,1.4484,0.2054,1.1984
anc_asym_mig_size	Round_1_Replicate_6	-5510.28	11036.56	97759830.99	182.64	1.7611,1.6987,3.8792,3.9439,0.2314,3.0863,0.1414,0.171
anc_asym_mig_size	Round_1_Replicate_7	-1667.7	3351.4	10510.65	221.93	0.3548,2.1888,0.224,1.8362,0.1523,3.3943,0.4409,0.6636
anc_asym_mig_size	Round_1_Replicate_8	-1754.28	3524.56	9148.7	209.29	5.3406,0.5423,3.0627,0.5002,3.1558,0.4302,0.5762,0.3448
anc_asym_mig_size	Round_1_Replicate_9	-1942.34	3900.68	267048.58	66.17	0.4832,0.156,1.3481,5.9636,6.7014,2.4927,3.1386,5.2387
anc_asym_mig_size	Round_1_Replicate_10	-2310.63	4637.26	1932339.9	274.21	1.964,1.6015,0.4076,0.3355,5.031,0.9439,1.7895,1.8426
anc_asym_mig_size	Round_2_Replicate_1	-1410.79	2837.58	68158.07	748.93	0.1545,0.5206,0.1864,0.2175,2.173,7.928,4.2586,0.5703
anc_asym_mig_size	Round_2_Replicate_2	-1207.9	2431.8	4491.21	395.06	0.9621,0.2716,0.4034,0.1968,1.0028,17.3458,8.3438,0.1055
anc_asym_mig_size	Round_2_Replicate_3	-3082.43	6180.86	15357452.68	539.46	0.745,0.5704,0.1252,0.1268,3.1218,2.2504,4.2179,0.7833
anc_asym_mig_size	Round_2_Replicate_4	-999.81	2015.62	2244.4	310.65	0.3937,1.2006,0.4791,0.1503,7.5898,1.8764,3.7631,0.1145
anc_asym_mig_size	Round_2_Replicate_5	-1009.82	2035.64	7298.93	367.83	0.3072,0.7873,0.4406,0.5614,1.7029,7.092,9.979,0.8415
anc_asym_mig_size	Round_2_Replicate_6	-846.8	1709.6	1481.42	209.05	1.0158,1.9846,0.2176,0.5647,6.9311,7.7225,26.5651,0.381
anc_asym_mig_size	Round_2_Replicate_7	-1750.85	3517.7	478959.56	1017.39	0.11,2.0322,0.1877,0.1179,1.062,15.1297,19.9484,0.5274
anc_asym_mig_size	Round_2_Replicate_8	-1277.25	2570.5	2721.71	1311.76	0.0685,1.6053,0.6491,0.0846,4.0919,15.597,2.8399,0.0864
anc_asym_mig_size	Round_2_Replicate_9	-1837.12	3690.24	118698.98	382.71	0.0739,0.6934,0.2146,1.0316,2.0469,14.5029,25.0718,0.8116
anc_asym_mig_size	Round_2_Replicate_10	-1218.23	2452.46	2873.29	858.58	0.1092,0.5614,0.1091,0.4033,4.5062,13.5778,3.7519,0.1582
anc_asym_mig_size	Round_2_Replicate_11	-1101.87	2219.74	2401.15	628.51	0.1197,0.8946,0.9197,0.1777,2.5162,6.3455,3.6887,0.2354
anc_asym_mig_size	Round_2_Replicate_12	-1034.26	2084.52	4988.84	340.49	0.2134,0.4751,0.8972,0.4756,2.113,6.463,14.005,0.8013
anc_asym_mig_size	Round_2_Replicate_13	-715.85	1447.7	1382.07	843.48	0.2869,0.3532,0.0951,0.136,3.021,5.3758,2.4161,0.1384
anc_asym_mig_size	Round_2_Replicate_14	-831.08	1678.16	1700.15	315.42	0.2401,1.0898,0.8835,0.3092,11.8001,7.0692,21.6236,0.516
anc_asym_mig_size	Round_2_Replicate_15	-1604.81	3225.62	64631.73	614.52	0.2348,0.9778,0.1215,0.4533,1.5419,16.6762,2.2771,0.5445
anc_asym_mig_size	Round_2_Replicate_16	-2236.69	4489.38	39701.23	835.33	0.1443,0.2711,0.8838,0.3083,0.7996,21.3988,15.1026,0.106
anc_asym_mig_size	Round_2_Replicate_17	-1801.89	3619.78	18154.87	411.66	0.6686,0.2273,0.9888,0.5621,4.8732,1.9008,2.3207,0.1471
anc_asym_mig_size	Round_2_Replicate_18	-783.38	1582.76	1075.81	441.83	0.6091,0.8408,0.1231,0.2491,12.1248,2.1006,2.68,0.118
anc_asym_mig_size	Round_2_Replicate_19	-1391.86	2799.72	5552.7	493.48	0.1644,0.3446,0.4135,0.5791,5.6635,4.8354,1.8124,0.1465
anc_asym_mig_size	Round_2_Replicate_20	-1004.42	2024.84	1877.68	176.04	0.6475,2.2739,0.2715,0.9984,2.6061,1.9758,10.3472,0.4226
anc_asym_mig_size	Round_3_Replicate_1	-781.52	1579.04	1467.41	713.64	0.4629,0.341,0.3347,0.1377,0.9213,20.7802,5.614,0.2063
anc_asym_mig_size	Round_3_Replicate_2	-1364.05	2744.1	9374.41	440.89	0.1376,0.9288,0.2806,0.825,0.9082,12.0828,20.3526,0.5529
anc_asym_mig_size	Round_3_Replicate_3	-1455.59	2927.18	28655.55	848.59	0.1161,0.2982,0.4777,0.0987,2.9598,15.3187,4.0698,0.3702
anc_asym_mig_size	Round_3_Replicate_4	-870.41	1756.82	1542.01	732.97	0.2337,0.1927,0.4223,0.1307,4.4667,3.3139,5.7154,0.1386
anc_asym_mig_size	Round_3_Replicate_5	-1051.82	2119.64	7265.5	637.02	0.1385,0.9787,0.4236,0.2636,0.8686,8.7373,26.5632,0.4526
anc_asym_mig_size	Round_3_Replicate_6	-1225.83	2467.66	4717.25	420.08	0.9774,0.4967,0.12,0.5959,6.0437,2.0003,15.3512,0.3456
anc_asym_mig_size	Round_3_Replicate_7	-1709.86	3435.72	51832.86	407.76	0.3794,0.2141,0.1424,0.7924,4.591,24.5114,25.0399,0.6819
anc_asym_mig_size	Round_3_Replicate_8	-746.97	1509.94	1059.94	555.96	0.1156,1.536,0.8653,0.0675,2.4162,2.0929,11.2564,0.064
anc_asym_mig_size	Round_3_Replicate_9	-789.42	1594.84	1104.48	628.87	0.4643,0.3272,0.1156,0.2132,2.9323,10.1912,10.4531,0.1023
anc_asym_mig_size	Round_3_Replicate_10	-1015.19	2046.38	1758.38	861.47	0.1113,0.2462,0.1003,0.3196,12.3654,8.3887,15.4866,0.1164
anc_asym_mig_size	Round_3_Replicate_11	-829.53	1675.06	1246.66	741.93	0.0801,0.3896,0.5719,0.136,3.6475,2.5502,4.3207,0.1143
anc_asym_mig_size	Round_3_Replicate_12	-1407.69	2831.38	66461.81	705.36	0.2833,0.7482,0.2532,0.1817,2.1168,22.9909,3.798,0.6433
anc_asym_mig_size	Round_3_Replicate_13	-1022.01	2060.02	1777.23	475.24	0.272,0.3892,0.185,0.5749,11.5255,6.9352,3.5508,0.2023
anc_asym_mig_size	Round_3_Replicate_14	-683.8	1383.6	1161.01	780.23	0.4064,1.9835,0.219,0.1029,1.3281,9.5268,26.1503,0.1409
anc_asym_mig_size	Round_3_Replicate_15	-1440.6	2897.2	4334.35	409.16	0.0717,0.3587,0.671,0.8648,5.9672,4.1718,6.762,0.281
anc_asym_mig_size	Round_3_Replicate_16	-993.5	2003.0	1677.72	1037.66	0.0734,2.1118,0.9003,0.0561,5.3376,7.4951,2.7522,0.0633
anc_asym_mig_size	Round_3_Replicate_17	-1395.5	2807.0	3116.5	470.29	0.0984,0.4798,0.1109,0.9539,5.4404,1.6247,2.7341,0.1079
anc_asym_mig_size	Round_3_Replicate_18	-1002.31	2020.62	2124.56	482.52	0.2398,1.3067,0.2905,0.4269,10.2281,15.6994,2.563,0.2084
anc_asym_mig_size	Round_3_Replicate_19	-788.62	1593.24	1450.11	1147.13	0.0836,0.2551,0.2634,0.0834,6.2517,6.3159,3.5256,0.1107
anc_asym_mig_size	Round_3_Replicate_20	-688.8	1393.6	1177.14	464.02	1.1059,0.2295,0.1159,0.1911,1.0594,5.9029,8.7146,0.173
anc_asym_mig_size	Round_3_Replicate_21	-806.93	1629.86	1445.99	414.6	0.8149,0.728,0.1274,0.2888,10.4522,25.3122,3.4041,0.2306
anc_asym_mig_size	Round_3_Replicate_22	-1150.25	2316.5	3764.84	345.32	0.9391,0.488,0.6761,0.119,4.1897,12.9396,11.2561,0.3048
anc_asym_mig_size	Round_3_Replicate_23	-801.76	1619.52	1158.47	439.78	0.8904,0.2992,0.1314,0.3458,8.4159,12.482,6.2347,0.1784
anc_asym_mig_size	Round_3_Replicate_24	-802.54	1621.08	1565.04	1270.94	0.1889,2.3474,0.2115,0.0873,1.6788,19.9091,12.8165,0.1269
anc_asym_mig_size	Round_3_Replicate_25	-685.45	1386.9	1124.63	544.39	0.434,0.2552,0.3113,0.2251,3.4416,4.6438,13.7515,0.2478
anc_asym_mig_size	Round_3_Replicate_26	-975.72	1967.44	1694.61	280.7	0.2177,1.732,0.1756,0.5699,9.7373,3.528,4.1895,0.2315
anc_asym_mig_size	Round_3_Replicate_27	-800.61	1617.22	1966.16	279.34	0.1315,0.9115,0.6792,0.6217,5.4697,1.4919,8.3836,0.7234
anc_asym_mig_size	Round_3_Replicate_28	-1262.78	2541.56	4525.36	944.64	0.1318,2.2957,0.3351,0.183,1.6862,10.1403,8.7757,0.0971
anc_asym_mig_size	Round_3_Replicate_29	-1695.55	3407.1	36391.53	387.29	0.4951,0.182,0.1615,1.0442,5.5062,1.6008,6.2487,0.6318
anc_asym_mig_size	Round_3_Replicate_30	-1460.43	2936.86	23236.82	511.27	0.8334,0.1833,0.3717,0.1107,4.9471,18.3257,4.342,0.4879
anc_asym_mig_size	Round_4_Replicate_1	-768.18	1552.36	2148.31	992.09	0.2365,1.5592,0.1799,0.1418,1.5595,13.0475,24.6991,0.2127
anc_asym_mig_size	Round_4_Replicate_2	-628.9	1273.8	925.36	605.87	0.6559,2.9679,0.1736,0.1713,2.0725,17.619,26.5961,0.1909
anc_asym_mig_size	Round_4_Replicate_3	-627.34	1270.68	1025.59	891.27	0.4022,1.022,0.1193,0.0975,1.1498,8.2832,26.9697,0.1174
anc_asym_mig_size	Round_4_Replicate_4	-692.42	1400.84	1139.71	582.28	0.5627,2.8589,0.288,0.1369,1.7633,11.2338,22.2184,0.1843
anc_asym_mig_size	Round_4_Replicate_5	-609.75	1235.5	849.83	834.57	0.5894,1.1411,0.1039,0.0794,0.8009,14.7158,26.4951,0.0881
anc_asym_mig_size	Round_4_Replicate_6	-610.93	1237.86	868.79	607.61	0.6202,2.0226,0.1538,0.1244,0.6804,5.5797,17.2666,0.134
anc_asym_mig_size	Round_4_Replicate_7	-776.95	1569.9	1356.94	759.76	0.3379,3.3803,0.3142,0.1673,0.964,15.0748,20.2268,0.2095
anc_asym_mig_size	Round_4_Replicate_8	-658.82	1333.64	1050.57	432.88	0.8087,3.7344,0.2466,0.1159,1.0743,5.2347,19.1555,0.1436
anc_asym_mig_size	Round_4_Replicate_9	-725.43	1466.86	1836.06	996.44	0.2759,2.708,0.1535,0.119,0.9944,8.6679,24.233,0.1757
anc_asym_mig_size	Round_4_Replicate_10	-891.01	1798.02	1571.3	778.12	0.3125,1.0195,0.3933,0.0924,1.8061,10.4307,24.8375,0.1079
anc_asym_mig_size	Round_4_Replicate_11	-734.18	1484.36	1462.68	846.95	0.3039,2.7346,0.2117,0.1708,0.7237,11.3445,20.2815,0.2079
anc_asym_mig_size	Round_4_Replicate_12	-687.8	1391.6	1071.31	906.33	0.2938,2.5611,0.1859,0.131,1.7889,12.4138,25.4252,0.1461
anc_asym_mig_size	Round_4_Replicate_13	-812.02	1640.04	2805.23	860.39	0.3037,1.0404,0.1496,0.1598,1.2312,7.8112,28.2434,0.2396
anc_asym_mig_size	Round_4_Replicate_14	-604.45	1224.9	841.1	572.54	0.7139,3.4877,0.1383,0.1192,1.512,9.2592,13.9618,0.1317
anc_asym_mig_size	Round_4_Replicate_15	-620.13	1256.26	897.15	603.14	0.6167,3.7232,0.1691,0.1514,1.3653,9.4876,24.5486,0.168
anc_asym_mig_size	Round_4_Replicate_16	-678.78	1373.56	1099.13	777.24	0.3372,2.4682,0.2251,0.1221,0.714,5.8721,25.7122,0.1421
anc_asym_mig_size	Round_4_Replicate_17	-636.58	1289.16	922.93	698.94	0.2814,1.6095,0.1917,0.1068,2.4297,5.3869,19.2894,0.118
anc_asym_mig_size	Round_4_Replicate_18	-785.85	1587.7	1334.78	374.87	0.7911,1.5677,0.4159,0.1362,1.2004,5.0001,14.5503,0.1481
anc_asym_mig_size	Round_4_Replicate_19	-618.63	1253.26	805.16	635.36	0.7583,4.1281,0.1309,0.136,1.014,18.1369,18.3145,0.1336
anc_asym_mig_size	Round_4_Replicate_20	-724.05	1464.1	1208.25	468.57	0.634,3.1218,0.2287,0.0908,2.4376,7.5964,25.7417,0.1059
anc_asym_mig_size	Round_4_Replicate_21	-640.17	1296.34	889.05	764.93	0.5537,2.1017,0.1373,0.0873,1.1343,12.932,24.3744,0.0933
anc_asym_mig_size	Round_4_Replicate_22	-632.6	1281.2	929.93	535.76	0.3897,2.9642,0.229,0.1254,2.4109,5.0782,23.4578,0.1454
anc_asym_mig_size	Round_4_Replicate_23	-763.7	1543.4	1650.34	689.37	0.2717,1.729,0.3115,0.0948,2.121,5.1035,25.6276,0.1605
anc_asym_mig_size	Round_4_Replicate_24	-687.09	1390.18	1175.04	721.31	0.3655,2.6048,0.2449,0.1541,1.0608,7.8108,22.8041,0.1903
anc_asym_mig_size	Round_4_Replicate_25	-711.32	1438.64	1347.2	1160.75	0.2512,2.5781,0.1249,0.1246,0.956,15.1393,19.4415,0.1407
anc_asym_mig_size	Round_4_Replicate_26	-844.24	1704.48	1551.86	732.52	0.3295,3.3144,0.3896,0.1708,1.1478,20.6195,23.6596,0.2279
anc_asym_mig_size	Round_4_Replicate_27	-684.14	1384.28	1134.59	707.76	0.3688,1.6143,0.2126,0.1924,2.8484,14.9792,22.9185,0.2185
anc_asym_mig_size	Round_4_Replicate_28	-755.64	1527.28	1586.8	864.07	0.2957,2.5737,0.2365,0.1656,0.9048,16.3367,23.7151,0.2226
anc_asym_mig_size	Round_4_Replicate_29	-620.68	1257.36	1007.36	667.11	0.7876,2.8726,0.1162,0.0889,1.4158,16.5323,21.1658,0.118
anc_asym_mig_size	Round_4_Replicate_30	-858.05	1732.1	3407.75	945.75	0.4559,4.4903,0.1433,0.1125,0.7382,16.8292,21.9649,0.2326
anc_asym_mig_size	Round_4_Replicate_31	-650.14	1316.28	974.8	512.52	0.6919,1.2391,0.1641,0.2037,1.2778,7.0285,23.4596,0.1989
anc_asym_mig_size	Round_4_Replicate_32	-814.69	1645.38	1374.6	682.76	0.3468,3.5144,0.3895,0.149,2.2445,14.0683,23.5985,0.1868
anc_asym_mig_size	Round_4_Replicate_33	-617.41	1250.82	942.12	714.63	0.4171,4.0319,0.1391,0.0683,1.0275,4.5915,17.6741,0.082
anc_asym_mig_size	Round_4_Replicate_34	-708.21	1432.42	1197.53	1202.19	0.2276,1.9771,0.1641,0.0909,1.7244,15.7595,23.4152,0.1153
anc_asym_mig_size	Round_4_Replicate_35	-762.61	1541.22	1393.2	558.29	0.4959,2.7886,0.4088,0.1555,1.5622,10.0727,18.6623,0.2315
anc_asym_mig_size	Round_4_Replicate_36	-807.02	1630.04	1514.59	868.76	0.2243,2.5753,0.3057,0.1438,1.5844,11.5829,23.3377,0.1836
anc_asym_mig_size	Round_4_Replicate_37	-637.85	1291.7	883.08	1004.73	0.3868,3.3803,0.122,0.095,0.9914,15.3126,24.8375,0.1003
anc_asym_mig_size	Round_4_Replicate_38	-760.67	1537.34	1599.95	893.49	0.2718,1.2867,0.1927,0.1834,0.888,13.9707,14.3964,0.2115
anc_asym_mig_size	Round_4_Replicate_39	-701.86	1419.72	1106.06	669.46	0.427,1.0681,0.2668,0.1281,2.3011,11.1969,14.1695,0.1585
anc_asym_mig_size	Round_4_Replicate_40	-648.38	1312.76	896.43	620.57	0.6501,2.241,0.1213,0.1617,2.6638,17.858,25.2464,0.1498
