Model	Replicate	log-likelihood	AIC	chi-squared	theta	optimized_params(nu1, nu2, m, T1, T2)
sec_contact_sym_mig	Round_1_Replicate_1	-4366.48	8742.96	10419722.21	146.57	4.4784,0.9853,1.0295,0.1654,1.0261
sec_contact_sym_mig	Round_1_Replicate_2	-1667.85	3345.7	5022.13	161.02	0.2554,2.6746,0.1972,0.1562,1.486
sec_contact_sym_mig	Round_1_Replicate_3	-1825.76	3661.52	9073.74	185.0	0.3189,2.4413,0.3324,0.1218,0.9043
sec_contact_sym_mig	Round_1_Replicate_4	-8930.26	17870.52	2.18288868378e+11	88.26	4.4307,5.2688,1.5005,0.2608,1.1167
sec_contact_sym_mig	Round_1_Replicate_5	-5811.14	11632.28	217680181.81	272.98	0.2393,1.5645,5.8479,0.4288,0.2761
sec_contact_sym_mig	Round_1_Replicate_6	-2534.55	5079.1	150549.04	162.33	2.3606,1.3625,0.8065,0.8012,0.1445
sec_contact_sym_mig	Round_1_Replicate_7	-2121.5	4253.0	15009.47	90.43	4.6274,0.2455,0.7498,6.0351,0.4356
sec_contact_sym_mig	Round_1_Replicate_8	-2597.32	5204.64	81035.07	109.74	0.4468,3.1502,0.5476,2.3017,7.4012
sec_contact_sym_mig	Round_1_Replicate_9	-2437.52	4885.04	34515.29	202.7	0.6958,0.1307,2.9413,4.7488,0.2356
sec_contact_sym_mig	Round_1_Replicate_10	-4307.25	8624.5	8389269.89	302.77	0.2644,1.1243,3.4799,0.1975,0.182
sec_contact_sym_mig	Round_2_Replicate_1	-1406.78	2823.56	3788.96	195.28	0.3744,1.9822,0.2452,0.598,0.4347
sec_contact_sym_mig	Round_2_Replicate_2	-2310.33	4630.66	8601.42	130.69	0.1739,6.4504,0.0625,0.3273,0.6752
sec_contact_sym_mig	Round_2_Replicate_3	-2099.15	4208.3	9417.23	177.88	0.1006,2.7805,0.075,0.0585,1.1095
sec_contact_sym_mig	Round_2_Replicate_4	-1746.42	3502.84	5758.23	121.78	0.2093,3.3155,0.1002,0.2005,2.8508
sec_contact_sym_mig	Round_2_Replicate_5	-2730.37	5470.74	20144.09	83.5	0.1221,5.9701,0.2304,0.043,5.5952
sec_contact_sym_mig	Round_2_Replicate_6	-1939.47	3888.94	13479.68	182.11	0.3014,2.0948,0.4592,0.3367,1.3259
sec_contact_sym_mig	Round_2_Replicate_7	-1602.29	3214.58	4852.51	111.38	0.8936,4.9401,0.0584,0.0805,1.3878
sec_contact_sym_mig	Round_2_Replicate_8	-2353.76	4717.52	93398.67	164.14	0.8971,1.7825,0.5511,0.122,1.4789
sec_contact_sym_mig	Round_2_Replicate_9	-1500.21	3010.42	6093.18	142.41	0.7457,2.7209,0.1796,0.3555,1.2009
sec_contact_sym_mig	Round_2_Replicate_10	-2402.83	4815.66	64875.18	87.22	0.8986,4.3982,0.318,0.483,3.9137
sec_contact_sym_mig	Round_2_Replicate_11	-2730.82	5471.64	14819.13	162.62	0.1002,6.5135,0.2817,0.0751,0.5488
sec_contact_sym_mig	Round_2_Replicate_12	-1774.95	3559.9	4755.5	128.45	0.4149,5.0289,0.0841,0.3167,0.8672
sec_contact_sym_mig	Round_2_Replicate_13	-1965.44	3940.88	8094.3	113.65	0.1599,3.7429,0.0789,0.0457,3.1276
sec_contact_sym_mig	Round_2_Replicate_14	-1042.82	2095.64	1746.44	244.45	0.3709,1.288,0.1165,0.3583,0.4224
sec_contact_sym_mig	Round_2_Replicate_15	-2047.3	4104.6	20682.68	228.95	0.3429,2.0277,0.4633,0.0952,0.3845
sec_contact_sym_mig	Round_2_Replicate_16	-2150.88	4311.76	31985.09	105.59	0.9372,4.3171,0.2472,0.0599,2.0621
sec_contact_sym_mig	Round_2_Replicate_17	-2256.28	4522.56	18055.9	118.12	0.5562,6.1109,0.2051,0.1989,0.9887
sec_contact_sym_mig	Round_2_Replicate_18	-3182.97	6375.94	102900.97	144.19	0.2038,6.4265,0.7221,0.054,0.9132
sec_contact_sym_mig	Round_2_Replicate_19	-3129.01	6268.02	35164.22	103.92	0.0791,5.7422,0.4955,0.1313,5.3027
sec_contact_sym_mig	Round_2_Replicate_20	-1397.88	2805.76	3482.02	127.01	0.5466,3.144,0.1302,0.2641,1.9481
sec_contact_sym_mig	Round_3_Replicate_1	-637.69	1285.38	890.78	484.76	0.2415,0.2779,0.1048,0.1296,0.2821
sec_contact_sym_mig	Round_3_Replicate_2	-1232.39	2474.78	2594.95	199.52	0.289,1.5681,0.191,0.0881,1.7432
sec_contact_sym_mig	Round_3_Replicate_3	-773.36	1556.72	1417.57	336.9	0.3435,0.4942,0.0749,0.0912,1.1677
sec_contact_sym_mig	Round_3_Replicate_4	-1782.03	3574.06	18857.09	204.95	1.2398,1.5097,0.0159,0.4119,0.1187
sec_contact_sym_mig	Round_3_Replicate_5	-699.12	1408.24	952.08	167.29	1.4727,0.7029,0.0828,1.0989,1.7272
sec_contact_sym_mig	Round_3_Replicate_6	-949.83	1909.66	1455.56	236.72	0.4356,1.2111,0.1478,0.6273,0.3301
sec_contact_sym_mig	Round_3_Replicate_7	-641.58	1293.16	764.89	242.36	0.7493,0.6044,0.1194,0.6944,1.0895
sec_contact_sym_mig	Round_3_Replicate_8	-990.05	1990.1	1527.97	142.57	0.7638,2.2627,0.0543,0.1611,1.846
sec_contact_sym_mig	Round_3_Replicate_9	-830.48	1670.96	1122.29	147.9	1.0457,1.6768,0.0896,1.4744,0.7325
sec_contact_sym_mig	Round_3_Replicate_10	-1258.11	2526.22	4773.06	186.8	1.3589,1.2948,0.0914,0.2909,0.6381
sec_contact_sym_mig	Round_3_Replicate_11	-857.88	1725.76	1249.07	295.98	0.385,0.7232,0.2837,0.2073,0.872
sec_contact_sym_mig	Round_3_Replicate_12	-1544.58	3099.16	3630.57	171.22	0.2976,2.932,0.0926,0.4226,0.5654
sec_contact_sym_mig	Round_3_Replicate_13	-1080.07	2170.14	2395.21	248.79	0.6181,1.1068,0.047,0.1223,0.4543
sec_contact_sym_mig	Round_3_Replicate_14	-1016.5	2043.0	1717.61	208.27	0.4753,1.4168,0.1482,0.1315,1.1643
sec_contact_sym_mig	Round_3_Replicate_15	-940.62	1891.24	1544.72	252.64	0.381,1.1309,0.0509,0.5806,0.273
sec_contact_sym_mig	Round_3_Replicate_16	-882.3	1774.6	1334.49	231.03	0.5646,0.963,0.3059,1.1138,0.291
sec_contact_sym_mig	Round_3_Replicate_17	-1523.81	3057.62	3635.03	241.22	0.2119,2.0362,0.0389,0.1532,0.2735
sec_contact_sym_mig	Round_3_Replicate_18	-1159.1	2328.2	2116.28	180.23	0.4069,2.012,0.072,0.1968,1.1629
sec_contact_sym_mig	Round_3_Replicate_19	-1151.26	2312.52	2687.3	178.58	0.3749,1.8,0.0343,0.8501,0.9195
sec_contact_sym_mig	Round_3_Replicate_20	-987.79	1985.58	1653.43	279.52	0.3999,1.0049,0.0394,0.1795,0.337
sec_contact_sym_mig	Round_3_Replicate_21	-1782.65	3575.3	5083.85	169.99	0.2884,3.7074,0.1278,0.3335,0.4127
sec_contact_sym_mig	Round_3_Replicate_22	-648.05	1306.1	764.4	404.36	0.389,0.3272,0.3132,0.1951,0.6058
sec_contact_sym_mig	Round_3_Replicate_23	-1504.54	3019.08	3687.04	179.83	0.3081,2.7913,0.0408,0.7623,0.0927
sec_contact_sym_mig	Round_3_Replicate_24	-1137.18	2284.36	2048.27	179.42	0.599,2.081,0.0363,0.2928,0.7387
sec_contact_sym_mig	Round_3_Replicate_25	-640.89	1291.78	838.34	307.52	0.5949,0.4061,0.1499,0.1745,1.2589
sec_contact_sym_mig	Round_3_Replicate_26	-1207.34	2424.68	2722.26	225.85	0.2362,1.4154,0.0788,0.7324,0.5376
sec_contact_sym_mig	Round_3_Replicate_27	-660.96	1331.92	881.02	373.28	0.505,0.295,0.2694,0.2417,0.8214
sec_contact_sym_mig	Round_3_Replicate_28	-672.12	1354.24	784.47	364.43	0.4508,0.4133,0.226,0.1778,0.4753
sec_contact_sym_mig	Round_3_Replicate_29	-1117.68	2245.36	2216.01	199.6	0.657,1.7087,0.0794,0.6852,0.14
sec_contact_sym_mig	Round_3_Replicate_30	-887.22	1784.44	1555.87	255.48	0.9467,0.4044,0.3429,0.7565,1.0079
sec_contact_sym_mig	Round_4_Replicate_1	-672.54	1355.08	818.21	383.3	0.329,0.4539,0.1051,0.0754,0.4681
sec_contact_sym_mig	Round_4_Replicate_2	-631.6	1273.2	762.82	385.38	0.3792,0.3975,0.13,0.3713,0.2461
sec_contact_sym_mig	Round_4_Replicate_3	-645.69	1301.38	858.08	382.91	0.4171,0.3819,0.0654,0.1491,0.4058
sec_contact_sym_mig	Round_4_Replicate_4	-617.29	1244.58	840.88	482.03	0.2861,0.2391,0.0797,0.0817,0.2636
sec_contact_sym_mig	Round_4_Replicate_5	-627.78	1265.56	907.22	533.19	0.2563,0.1958,0.2194,0.1518,0.2868
sec_contact_sym_mig	Round_4_Replicate_6	-619.95	1249.9	806.03	474.56	0.3027,0.2353,0.0925,0.1603,0.1595
sec_contact_sym_mig	Round_4_Replicate_7	-656.42	1322.84	897.38	359.27	0.4496,0.4302,0.0601,0.2858,0.3539
sec_contact_sym_mig	Round_4_Replicate_8	-608.52	1227.04	832.38	531.64	0.2187,0.2023,0.0875,0.0901,0.1884
sec_contact_sym_mig	Round_4_Replicate_9	-690.29	1390.58	974.05	398.16	0.3107,0.4235,0.0346,0.0815,0.3637
sec_contact_sym_mig	Round_4_Replicate_10	-609.63	1229.26	777.72	467.93	0.3012,0.2621,0.1385,0.126,0.2991
sec_contact_sym_mig	Round_4_Replicate_11	-625.75	1261.5	773.42	466.03	0.2606,0.3016,0.1656,0.0708,0.3993
sec_contact_sym_mig	Round_4_Replicate_12	-657.53	1325.06	930.1	417.0	0.4209,0.2847,0.052,0.2056,0.205
sec_contact_sym_mig	Round_4_Replicate_13	-621.13	1252.26	737.24	428.76	0.3728,0.2925,0.2212,0.1946,0.3309
sec_contact_sym_mig	Round_4_Replicate_14	-623.49	1256.98	877.93	468.21	0.329,0.2394,0.1103,0.1545,0.2642
sec_contact_sym_mig	Round_4_Replicate_15	-614.55	1239.1	736.46	431.7	0.3429,0.3081,0.1907,0.0961,0.4892
sec_contact_sym_mig	Round_4_Replicate_16	-615.26	1240.52	740.8	431.86	0.3615,0.2949,0.1719,0.0713,0.4411
sec_contact_sym_mig	Round_4_Replicate_17	-616.55	1243.1	732.02	425.79	0.34,0.3244,0.1629,0.1333,0.4073
sec_contact_sym_mig	Round_4_Replicate_18	-606.06	1222.12	753.78	486.68	0.2731,0.241,0.1332,0.109,0.2338
sec_contact_sym_mig	Round_4_Replicate_19	-610.89	1231.78	838.86	511.83	0.2466,0.2204,0.1076,0.1208,0.2137
sec_contact_sym_mig	Round_4_Replicate_20	-617.0	1244.0	798.3	494.35	0.2672,0.248,0.217,0.1012,0.408
sec_contact_sym_mig	Round_4_Replicate_21	-695.45	1400.9	1071.16	394.03	0.3185,0.4286,0.0324,0.0336,0.4656
sec_contact_sym_mig	Round_4_Replicate_22	-666.57	1343.14	850.57	392.92	0.3637,0.3969,0.0503,0.0607,0.3783
sec_contact_sym_mig	Round_4_Replicate_23	-606.55	1223.1	772.8	499.09	0.2648,0.2219,0.1211,0.0663,0.247
sec_contact_sym_mig	Round_4_Replicate_24	-634.24	1278.48	769.85	388.68	0.3613,0.3962,0.1438,0.0922,0.6201
sec_contact_sym_mig	Round_4_Replicate_25	-626.25	1262.5	836.12	455.78	0.3054,0.2769,0.063,0.0795,0.2889
sec_contact_sym_mig	Round_4_Replicate_26	-616.35	1242.7	809.24	451.03	0.3306,0.2743,0.1187,0.123,0.3361
sec_contact_sym_mig	Round_4_Replicate_27	-604.15	1218.3	769.32	503.32	0.249,0.2308,0.1319,0.1273,0.2039
sec_contact_sym_mig	Round_4_Replicate_28	-613.51	1237.02	748.39	439.61	0.3498,0.2834,0.1581,0.2277,0.2229
sec_contact_sym_mig	Round_4_Replicate_29	-615.94	1241.88	792.11	451.87	0.3539,0.2553,0.1879,0.2213,0.2677
sec_contact_sym_mig	Round_4_Replicate_30	-622.55	1255.1	788.09	405.04	0.3836,0.3376,0.1315,0.2318,0.3905
sec_contact_sym_mig	Round_4_Replicate_31	-641.79	1293.58	807.34	404.71	0.324,0.3869,0.1351,0.3895,0.1928
sec_contact_sym_mig	Round_4_Replicate_32	-596.87	1203.74	775.66	553.69	0.204,0.1841,0.1608,0.093,0.174
sec_contact_sym_mig	Round_4_Replicate_33	-619.57	1249.14	754.15	412.45	0.3964,0.3138,0.1598,0.0719,0.505
sec_contact_sym_mig	Round_4_Replicate_34	-618.15	1246.3	771.18	468.15	0.2743,0.2745,0.0942,0.1041,0.2465
sec_contact_sym_mig	Round_4_Replicate_35	-709.27	1428.54	867.84	376.19	0.3768,0.4446,0.1191,0.1997,0.226
sec_contact_sym_mig	Round_4_Replicate_36	-662.86	1335.72	847.11	389.0	0.3757,0.3996,0.0533,0.0837,0.3765
sec_contact_sym_mig	Round_4_Replicate_37	-612.8	1235.6	749.33	458.26	0.307,0.274,0.1268,0.0686,0.3243
sec_contact_sym_mig	Round_4_Replicate_38	-651.18	1312.36	922.12	432.37	0.3003,0.3372,0.0453,0.1239,0.2955
sec_contact_sym_mig	Round_4_Replicate_39	-601.49	1212.98	766.62	521.04	0.2312,0.2186,0.1652,0.1388,0.1902
sec_contact_sym_mig	Round_4_Replicate_40	-698.54	1407.08	1203.3	443.84	0.4342,0.215,0.0782,0.0479,0.4118
