Model	Replicate	log-likelihood	AIC	chi-squared	theta	optimized_params(nu1, nu2, m12, m21, T1, T2)
sec_contact_asym_mig	Round_1_Replicate_1	-1826.96	3665.92	24922.94	479.82	0.2685,0.4445,3.3237,0.6295,0.1418,6.1259
sec_contact_asym_mig	Round_1_Replicate_2	-3186.5	6385.0	231114.25	168.37	0.1546,2.6816,3.3246,1.081,0.1468,2.3217
sec_contact_asym_mig	Round_1_Replicate_3	-3444.66	6901.32	1831845.91	341.09	0.5102,0.5116,0.4813,4.0526,2.0643,0.8792
sec_contact_asym_mig	Round_1_Replicate_4	-2634.35	5280.7	35059.09	177.06	0.1819,5.6081,2.9994,0.1224,0.1367,0.3206
sec_contact_asym_mig	Round_1_Replicate_5	-2216.13	4444.26	71051.6	276.62	1.225,0.6177,1.1043,0.2853,0.1942,0.1657
sec_contact_asym_mig	Round_1_Replicate_6	-1939.47	3890.94	10500.03	135.04	1.6351,0.154,0.9496,0.4563,6.4548,0.6069
sec_contact_asym_mig	Round_1_Replicate_7	-2616.95	5245.9	130545.14	243.63	1.3738,0.1948,0.2341,5.2264,2.0669,0.5072
sec_contact_asym_mig	Round_1_Replicate_8	-1567.04	3146.08	7285.18	307.98	0.2477,0.7772,0.6081,0.8529,0.4294,1.6907
sec_contact_asym_mig	Round_1_Replicate_9	-1208.01	2428.02	2914.49	152.83	0.3658,0.6245,0.128,0.1216,6.0801,0.3075
sec_contact_asym_mig	Round_1_Replicate_10	-3370.55	6753.1	1296720.51	144.97	1.7243,2.1516,0.3045,1.5521,0.937,0.1818
sec_contact_asym_mig	Round_2_Replicate_1	-847.65	1707.3	1249.59	142.06	0.6809,1.0594,0.1098,0.2153,4.1854,1.03
sec_contact_asym_mig	Round_2_Replicate_2	-1529.67	3071.34	4507.58	121.2	0.1346,0.7651,0.3386,0.0827,9.0295,0.1839
sec_contact_asym_mig	Round_2_Replicate_3	-1834.59	3681.18	7968.41	252.23	0.2026,0.2298,0.0819,0.1381,3.8722,0.0976
sec_contact_asym_mig	Round_2_Replicate_4	-1518.77	3049.54	4056.49	69.75	0.6843,1.9213,0.0672,0.3258,13.5332,0.268
sec_contact_asym_mig	Round_2_Replicate_5	-1300.24	2612.48	3551.87	198.53	0.1556,0.7029,0.3571,0.0627,4.1791,0.1229
sec_contact_asym_mig	Round_2_Replicate_6	-889.51	1791.02	1667.95	113.02	0.7526,1.4593,0.0467,0.0553,5.7275,0.7844
sec_contact_asym_mig	Round_2_Replicate_7	-1211.33	2434.66	3080.06	163.89	0.2311,0.2004,0.2285,0.3051,9.1279,1.0781
sec_contact_asym_mig	Round_2_Replicate_8	-1096.07	2204.14	2575.71	302.22	0.1566,0.2434,0.4262,0.0951,2.9765,0.6092
sec_contact_asym_mig	Round_2_Replicate_9	-1634.53	3281.06	5379.19	138.27	0.187,0.9537,0.0613,0.2668,6.4102,0.6464
sec_contact_asym_mig	Round_2_Replicate_10	-1748.92	3509.84	19625.71	97.37	0.6658,0.7129,0.0444,0.0664,11.0886,0.0886
sec_contact_asym_mig	Round_2_Replicate_11	-1255.69	2523.38	3099.06	331.89	0.1609,0.3299,0.0565,0.4685,1.9296,0.5751
sec_contact_asym_mig	Round_2_Replicate_12	-1357.49	2726.98	4468.62	341.21	0.2257,0.2155,0.1342,0.0751,2.1262,0.2361
sec_contact_asym_mig	Round_2_Replicate_13	-1453.48	2918.96	4698.15	128.31	0.2253,1.7322,0.1438,0.253,5.2116,0.1293
sec_contact_asym_mig	Round_2_Replicate_14	-1923.09	3858.18	10350.06	89.83	0.1516,2.4692,0.0833,0.1574,8.3579,0.1061
sec_contact_asym_mig	Round_2_Replicate_15	-1785.52	3583.04	8354.78	95.0	1.1782,0.3085,0.1492,0.0802,11.5017,0.0986
sec_contact_asym_mig	Round_2_Replicate_16	-1676.72	3365.44	6815.29	155.47	0.6964,0.216,0.2895,0.0554,6.5412,0.1407
sec_contact_asym_mig	Round_2_Replicate_17	-1264.1	2540.2	2962.84	106.24	0.4365,2.1349,0.126,0.2394,5.8488,0.3591
sec_contact_asym_mig	Round_2_Replicate_18	-1814.48	3640.96	7704.66	123.25	0.1339,2.2665,0.1584,0.3179,4.4713,0.2128
sec_contact_asym_mig	Round_2_Replicate_19	-1040.0	2092.0	2661.96	197.74	0.6714,0.2375,0.2484,0.1905,4.2205,0.3624
sec_contact_asym_mig	Round_2_Replicate_20	-2112.66	4237.32	8723.39	105.6	0.138,0.2731,0.1004,0.3811,12.4121,0.2849
sec_contact_asym_mig	Round_3_Replicate_1	-743.81	1499.62	974.34	87.66	1.0005,2.2101,0.1225,0.0592,6.5515,1.1583
sec_contact_asym_mig	Round_3_Replicate_2	-1580.96	3173.92	10512.0	150.03	1.5129,0.8975,0.262,0.6882,2.3044,0.8257
sec_contact_asym_mig	Round_3_Replicate_3	-1138.81	2289.62	3273.85	125.65	1.9258,1.1208,0.094,0.3378,2.0357,1.6396
sec_contact_asym_mig	Round_3_Replicate_4	-1854.38	3720.76	7854.0	82.92	0.2692,2.3393,0.3963,0.2901,11.9265,2.4606
sec_contact_asym_mig	Round_3_Replicate_5	-807.15	1626.3	1454.94	150.24	1.3094,0.5759,0.1943,0.0547,2.4692,3.2701
sec_contact_asym_mig	Round_3_Replicate_6	-758.69	1529.38	1273.5	185.92	1.196,0.3812,0.1361,0.2841,2.1877,2.0466
sec_contact_asym_mig	Round_3_Replicate_7	-918.76	1849.52	1972.26	246.24	0.3875,0.4307,0.1761,0.0455,2.5576,0.5651
sec_contact_asym_mig	Round_3_Replicate_8	-895.29	1802.58	1703.06	100.83	0.6384,0.9898,0.0808,0.0611,8.6773,2.7504
sec_contact_asym_mig	Round_3_Replicate_9	-988.85	1989.7	2040.23	177.22	1.3731,0.456,0.3109,0.2779,2.0416,1.9083
sec_contact_asym_mig	Round_3_Replicate_10	-866.2	1744.4	1312.26	193.14	0.6872,0.6706,0.0496,0.4014,2.6341,3.0873
sec_contact_asym_mig	Round_3_Replicate_11	-1030.35	2072.7	2370.4	181.47	0.4161,0.7462,0.035,0.084,3.1346,1.3147
sec_contact_asym_mig	Round_3_Replicate_12	-993.39	1998.78	1815.76	140.01	1.4549,0.5565,0.1717,0.5578,4.3373,0.8569
sec_contact_asym_mig	Round_3_Replicate_13	-664.96	1341.92	841.13	165.53	1.2978,0.8207,0.0862,0.0709,1.448,1.4469
sec_contact_asym_mig	Round_3_Replicate_14	-1045.9	2103.8	2407.1	145.85	1.9824,0.8562,0.2728,0.0644,1.049,1.9883
sec_contact_asym_mig	Round_3_Replicate_15	-1353.66	2719.32	3930.48	65.98	0.3544,3.1605,0.1762,0.1419,11.8387,0.3244
sec_contact_asym_mig	Round_3_Replicate_16	-970.21	1952.42	1732.94	99.98	1.5286,2.7047,0.2179,0.1086,3.0378,0.4034
sec_contact_asym_mig	Round_3_Replicate_17	-934.44	1880.88	1807.44	105.47	0.6026,1.9892,0.0991,0.0477,5.8656,0.4039
sec_contact_asym_mig	Round_3_Replicate_18	-972.21	1956.42	1804.06	134.17	0.9109,0.2672,0.1102,0.8414,7.6739,0.4559
sec_contact_asym_mig	Round_3_Replicate_19	-836.32	1684.64	1688.3	132.56	1.3398,0.7242,0.0466,0.0633,4.8766,0.4403
sec_contact_asym_mig	Round_3_Replicate_20	-858.1	1728.2	1415.22	188.69	0.3122,0.859,0.4292,0.1503,3.6126,0.2581
sec_contact_asym_mig	Round_3_Replicate_21	-3218.93	6449.86	918120.73	96.82	1.9392,2.7007,0.3032,0.712,2.3872,1.0046
sec_contact_asym_mig	Round_3_Replicate_22	-771.58	1555.16	1032.78	118.32	0.5625,1.6991,0.3592,0.0706,5.1605,0.4952
sec_contact_asym_mig	Round_3_Replicate_23	-928.24	1868.48	1669.91	154.36	1.4844,0.4591,0.182,0.4568,3.462,1.32
sec_contact_asym_mig	Round_3_Replicate_24	-690.13	1392.26	815.99	134.2	0.4685,1.3165,0.4355,0.043,5.058,0.9718
sec_contact_asym_mig	Round_3_Replicate_25	-1216.21	2444.42	2684.25	52.09	2.672,3.0511,0.0548,0.2317,12.2422,0.919
sec_contact_asym_mig	Round_3_Replicate_26	-878.88	1769.76	1482.8	137.65	0.8,0.9292,0.0383,0.1589,4.9141,0.6306
sec_contact_asym_mig	Round_3_Replicate_27	-1613.75	3239.5	9561.59	131.05	0.8074,1.1877,0.1337,0.6408,5.8366,2.117
sec_contact_asym_mig	Round_3_Replicate_28	-967.83	1947.66	1649.97	151.81	1.4642,0.7807,0.1781,0.5672,3.0858,0.2749
sec_contact_asym_mig	Round_3_Replicate_29	-965.71	1943.42	1725.18	287.04	0.5095,0.4854,0.0585,0.7187,1.4208,2.7869
sec_contact_asym_mig	Round_3_Replicate_30	-1027.65	2067.3	1926.2	92.18	0.3165,1.3276,0.3349,0.1749,12.4707,1.6171
sec_contact_asym_mig	Round_4_Replicate_1	-735.17	1482.34	933.26	159.91	0.6937,1.3678,0.099,0.07,1.8845,1.0997
sec_contact_asym_mig	Round_4_Replicate_2	-666.07	1344.14	927.75	116.51	1.6738,1.0021,0.0296,0.0742,2.9402,2.6008
sec_contact_asym_mig	Round_4_Replicate_3	-677.84	1367.68	973.59	207.3	0.7052,0.4858,0.1081,0.1964,2.2222,1.6111
sec_contact_asym_mig	Round_4_Replicate_4	-649.62	1311.24	773.65	197.72	0.9283,0.7894,0.1212,0.0807,1.4463,0.7904
sec_contact_asym_mig	Round_4_Replicate_5	-687.29	1386.58	956.84	184.01	1.2765,0.7085,0.0475,0.0661,1.0205,1.2981
sec_contact_asym_mig	Round_4_Replicate_6	-670.46	1352.92	910.74	196.46	1.1231,0.5573,0.0691,0.155,1.5615,1.037
sec_contact_asym_mig	Round_4_Replicate_7	-698.66	1409.32	1058.14	145.3	1.5081,0.7591,0.0271,0.0901,2.895,0.9392
sec_contact_asym_mig	Round_4_Replicate_8	-703.26	1418.52	1028.67	183.91	1.2579,0.4696,0.0394,0.2447,2.0398,1.1727
sec_contact_asym_mig	Round_4_Replicate_9	-643.16	1298.32	773.79	151.16	1.1829,1.0007,0.076,0.066,1.4907,2.0576
sec_contact_asym_mig	Round_4_Replicate_10	-663.34	1338.68	827.92	194.87	1.1229,0.6912,0.0593,0.1125,1.1481,1.0762
sec_contact_asym_mig	Round_4_Replicate_11	-657.13	1326.26	899.29	142.39	1.2703,0.7776,0.0875,0.0997,2.8738,1.9156
sec_contact_asym_mig	Round_4_Replicate_12	-830.83	1673.66	1219.28	162.67	1.4928,1.1997,0.0677,0.0213,0.7256,0.9946
sec_contact_asym_mig	Round_4_Replicate_13	-687.55	1387.1	946.98	176.46	1.2925,0.587,0.042,0.1849,2.0824,0.9156
sec_contact_asym_mig	Round_4_Replicate_14	-646.41	1304.82	837.44	210.85	0.8706,0.5645,0.1026,0.147,0.9564,1.8704
sec_contact_asym_mig	Round_4_Replicate_15	-637.3	1286.6	788.27	135.85	1.2351,1.0066,0.0799,0.0713,1.6204,3.2342
sec_contact_asym_mig	Round_4_Replicate_16	-667.44	1346.88	745.9	165.08	0.7938,1.2088,0.1745,0.0358,0.8995,2.1752
sec_contact_asym_mig	Round_4_Replicate_17	-685.83	1383.66	1014.07	181.33	1.1837,0.5448,0.0839,0.1444,2.2324,0.9235
sec_contact_asym_mig	Round_4_Replicate_18	-662.2	1336.4	845.53	111.76	1.7692,1.3639,0.0541,0.0303,1.0685,3.7266
sec_contact_asym_mig	Round_4_Replicate_19	-652.68	1317.36	860.25	156.91	1.2393,0.8717,0.0553,0.064,0.9394,2.5166
sec_contact_asym_mig	Round_4_Replicate_20	-636.95	1285.9	751.12	187.8	0.6998,0.7846,0.2129,0.0857,0.815,3.386
sec_contact_asym_mig	Round_4_Replicate_21	-712.73	1437.46	967.09	159.76	1.6613,0.6731,0.0517,0.147,1.7146,1.1855
sec_contact_asym_mig	Round_4_Replicate_22	-700.86	1413.72	1027.0	213.02	0.7105,0.3851,0.1257,0.3335,2.8118,1.5231
sec_contact_asym_mig	Round_4_Replicate_23	-642.37	1296.74	790.18	144.99	1.189,0.9709,0.092,0.0736,2.4219,1.6205
sec_contact_asym_mig	Round_4_Replicate_24	-681.01	1374.02	959.38	191.71	1.1908,0.6379,0.0406,0.0955,1.4741,0.8795
sec_contact_asym_mig	Round_4_Replicate_25	-646.21	1304.42	767.95	176.42	1.0135,0.876,0.1032,0.0781,1.6482,1.1078
sec_contact_asym_mig	Round_4_Replicate_26	-781.22	1574.44	1489.61	161.19	1.4702,0.5247,0.0566,0.058,1.1053,2.7471
sec_contact_asym_mig	Round_4_Replicate_27	-653.94	1319.88	820.07	135.38	1.2558,1.1092,0.0841,0.0667,3.2141,0.9146
sec_contact_asym_mig	Round_4_Replicate_28	-683.9	1379.8	943.7	171.03	1.2632,0.8717,0.0397,0.0527,1.4004,1.0689
sec_contact_asym_mig	Round_4_Replicate_29	-703.96	1419.92	1036.92	234.38	0.7408,0.418,0.0623,0.2546,1.8832,0.7864
sec_contact_asym_mig	Round_4_Replicate_30	-651.49	1314.98	738.0	161.3	0.8106,1.1598,0.1565,0.0405,1.0426,2.4177
sec_contact_asym_mig	Round_4_Replicate_31	-673.08	1358.16	902.37	206.81	0.8458,0.5142,0.062,0.2247,1.3339,2.1582
sec_contact_asym_mig	Round_4_Replicate_32	-678.64	1369.28	807.1	156.69	0.9656,1.2836,0.1011,0.0296,1.1572,1.6499
sec_contact_asym_mig	Round_4_Replicate_33	-652.93	1317.86	765.04	152.89	1.1644,1.073,0.0965,0.0656,2.1926,0.9634
sec_contact_asym_mig	Round_4_Replicate_34	-654.18	1320.36	819.87	152.53	1.2626,1.0014,0.0627,0.0516,1.0844,2.1606
sec_contact_asym_mig	Round_4_Replicate_35	-661.37	1334.74	880.84	130.48	1.4363,1.1419,0.0362,0.0492,1.7264,2.4046
sec_contact_asym_mig	Round_4_Replicate_36	-669.02	1350.04	947.7	188.8	0.8312,0.506,0.112,0.2006,2.2134,2.658
sec_contact_asym_mig	Round_4_Replicate_37	-701.98	1415.96	902.87	155.63	1.2938,1.1572,0.0343,0.0455,0.8013,1.686
sec_contact_asym_mig	Round_4_Replicate_38	-643.79	1299.58	817.97	163.7	1.0244,0.7766,0.1002,0.1049,2.1239,1.7801
sec_contact_asym_mig	Round_4_Replicate_39	-691.93	1395.86	1003.09	208.46	1.1438,0.4653,0.0805,0.1673,0.9313,1.5657
sec_contact_asym_mig	Round_4_Replicate_40	-790.09	1592.18	1210.94	145.93	2.2268,0.5947,0.0245,0.1503,0.8832,2.1751
