Model	Replicate	log-likelihood	AIC	chi-squared	theta	optimized_params(nu1a, nu2a, nu1b, nu2b, m, T1, T2)
sym_mig_size	Round_1_Replicate_1	-4607.5	9229.0	20701191.06	300.94	0.4425,0.7825,0.3893,0.8036,3.6328,0.2562,1.4564
sym_mig_size	Round_1_Replicate_2	-4430.61	8875.22	6582938.76	227.13	0.1953,1.9913,0.2275,2.9391,2.5956,1.4354,0.2344
sym_mig_size	Round_1_Replicate_3	-2352.86	4719.72	84210.35	167.66	7.686,1.0466,0.4292,0.5157,1.7102,5.2916,0.3912
sym_mig_size	Round_1_Replicate_4	-3611.36	7236.72	1736419.91	97.22	1.8393,1.9743,5.7486,1.0916,0.6697,0.7644,2.756
sym_mig_size	Round_1_Replicate_5	-7226.1	14466.2	9852536061.93	81.97	0.4669,0.7109,4.131,2.4286,1.5505,0.4113,3.4939
sym_mig_size	Round_1_Replicate_6	-827.37	1668.74	1582.48	481.74	0.7759,1.137,0.1977,0.1624,0.3151,1.0792,0.7836
sym_mig_size	Round_1_Replicate_7	-6089.47	12192.94	749181958.23	197.44	0.566,4.0852,1.9697,0.822,2.9167,0.8443,0.191
sym_mig_size	Round_1_Replicate_8	-2755.42	5524.84	97706.11	200.98	5.1133,3.3259,4.0221,0.1855,1.3787,0.2424,2.6469
sym_mig_size	Round_1_Replicate_9	-1319.65	2653.3	4347.27	265.88	1.1902,0.1892,1.5481,0.3318,0.4216,0.377,0.526
sym_mig_size	Round_1_Replicate_10	-3308.86	6631.72	1174376.17	121.69	0.9058,7.8393,7.7768,0.5249,1.1012,3.5383,0.2059
sym_mig_size	Round_2_Replicate_1	-739.77	1493.54	945.39	743.63	0.7707,2.9849,0.143,0.1763,0.9925,1.9307,2.2579
sym_mig_size	Round_2_Replicate_2	-847.17	1708.34	1729.0	460.64	0.6591,0.3116,0.3301,0.1172,0.7574,2.9222,0.2795
sym_mig_size	Round_2_Replicate_3	-842.26	1698.52	1445.66	836.15	0.2921,0.5549,0.0779,0.1428,0.6663,1.0267,1.9704
sym_mig_size	Round_2_Replicate_4	-1268.63	2551.26	3521.04	293.3	0.2675,4.66,0.114,0.3174,0.1748,3.5488,0.8165
sym_mig_size	Round_2_Replicate_5	-1002.4	2018.8	1774.76	417.2	0.3775,0.4298,0.1977,0.4365,0.7067,3.1494,1.7835
sym_mig_size	Round_2_Replicate_6	-1124.39	2262.78	2903.13	662.18	0.6045,0.9267,0.1211,0.1004,0.2708,0.4484,0.5467
sym_mig_size	Round_2_Replicate_7	-1193.48	2400.96	3667.03	438.32	0.5393,1.4026,0.0823,0.1465,0.1242,1.3839,0.1904
sym_mig_size	Round_2_Replicate_8	-1147.31	2308.62	2750.05	433.79	0.807,0.4621,0.0785,0.3341,0.3931,2.7282,1.0469
sym_mig_size	Round_2_Replicate_9	-1214.64	2443.28	4039.32	416.43	2.7492,2.4804,0.5981,0.0756,0.3831,0.3311,0.5071
sym_mig_size	Round_2_Replicate_10	-1660.41	3334.82	8595.98	504.52	0.3489,0.5866,0.0741,0.2403,0.0762,0.3045,1.0079
sym_mig_size	Round_2_Replicate_11	-1619.55	3253.1	9071.51	282.67	2.6416,1.4598,0.4689,0.0588,0.1128,1.8972,0.2961
sym_mig_size	Round_2_Replicate_12	-687.9	1389.8	1029.66	233.51	1.9639,0.6938,0.3973,0.4179,0.1898,3.7969,0.924
sym_mig_size	Round_2_Replicate_13	-616.29	1246.58	694.58	164.76	2.54,2.9006,0.2663,0.3739,0.2274,4.3016,0.2661
sym_mig_size	Round_2_Replicate_14	-991.67	1997.34	1741.2	303.75	0.34,0.8096,0.1648,0.5707,0.4259,2.4576,0.1939
sym_mig_size	Round_2_Replicate_15	-1033.48	2080.96	2207.49	336.33	1.9802,0.4772,0.1357,0.4637,0.2295,1.3546,1.8222
sym_mig_size	Round_2_Replicate_16	-1612.49	3238.98	6089.73	508.02	1.3603,0.288,0.1023,0.096,0.1752,1.6728,0.536
sym_mig_size	Round_2_Replicate_17	-753.45	1520.9	1394.66	343.27	0.4632,0.8456,0.4349,0.2616,0.1385,1.1004,0.7937
sym_mig_size	Round_2_Replicate_18	-671.44	1356.88	927.16	615.82	2.4602,0.7853,0.2017,0.1619,0.6377,1.8287,3.1989
sym_mig_size	Round_2_Replicate_19	-782.45	1578.9	1104.4	430.87	0.377,3.0968,0.2973,0.2425,0.7399,1.6133,1.059
sym_mig_size	Round_2_Replicate_20	-1026.89	2067.78	2700.94	675.49	1.6925,0.4724,0.3264,0.0625,0.9423,0.4398,1.3299
sym_mig_size	Round_3_Replicate_1	-625.71	1265.42	700.35	62.2	9.7618,4.4354,0.2015,0.5085,0.1272,14.1621,0.1773
sym_mig_size	Round_3_Replicate_2	-631.34	1276.68	782.35	162.45	1.0639,4.1084,0.4488,0.4881,0.0901,3.2479,0.2744
sym_mig_size	Round_3_Replicate_3	-648.69	1311.38	761.55	321.49	3.3555,5.0606,0.1309,0.217,0.4239,1.0973,0.1743
sym_mig_size	Round_3_Replicate_4	-633.44	1280.88	798.89	124.83	1.6828,1.5853,0.7952,0.6502,0.1533,9.6398,0.5613
sym_mig_size	Round_3_Replicate_5	-925.51	1865.02	2160.82	156.36	7.7017,1.6828,0.6629,0.1747,0.1286,2.8023,0.2207
sym_mig_size	Round_3_Replicate_6	-770.82	1555.64	1280.03	629.53	8.5883,7.7875,0.119,0.1196,0.8083,1.1621,0.7801
sym_mig_size	Round_3_Replicate_7	-928.24	1870.48	2325.12	107.14	8.9121,1.6632,0.2857,0.1204,0.4834,13.0397,0.1535
sym_mig_size	Round_3_Replicate_8	-558.11	1130.22	569.37	123.22	2.2191,2.106,0.1942,0.5474,0.0797,5.1716,0.0943
sym_mig_size	Round_3_Replicate_9	-1991.41	3996.82	64002.36	122.4	4.5314,11.3544,0.3948,0.8453,0.5866,1.8188,0.1677
sym_mig_size	Round_3_Replicate_10	-1095.81	2205.62	3194.23	79.19	7.4286,1.0302,0.9133,0.228,0.065,8.3596,0.1502
sym_mig_size	Round_3_Replicate_11	-797.95	1609.9	1102.8	171.9	1.2119,1.8223,0.3833,0.6658,0.2856,5.5022,0.5118
sym_mig_size	Round_3_Replicate_12	-1074.51	2163.02	2587.84	133.4	5.0088,3.3266,0.1522,0.8747,0.0839,4.6995,0.3786
sym_mig_size	Round_3_Replicate_13	-752.0	1518.0	1183.01	273.91	0.7546,0.7173,0.1288,0.3436,0.2027,3.7056,0.1551
sym_mig_size	Round_3_Replicate_14	-925.62	1865.24	1660.3	239.63	4.5785,7.8562,0.1238,0.3219,0.5282,2.5138,0.3263
sym_mig_size	Round_3_Replicate_15	-942.96	1899.92	1877.2	266.85	0.6547,1.6873,0.8837,0.1967,0.5135,2.1169,0.3122
sym_mig_size	Round_3_Replicate_16	-1266.04	2546.08	3333.0	156.68	1.6757,1.2326,0.173,0.9455,0.5454,7.2728,0.1799
sym_mig_size	Round_3_Replicate_17	-2211.09	4436.18	33069.81	95.26	0.9191,9.2745,0.2511,1.2809,0.6779,5.5184,0.1559
sym_mig_size	Round_3_Replicate_18	-585.5	1185.0	686.76	246.68	0.6682,2.4568,0.4959,0.2457,0.1676,1.9979,0.1902
sym_mig_size	Round_3_Replicate_19	-1012.91	2039.82	2119.33	122.44	1.2977,5.023,0.7414,0.8608,0.3264,7.6503,0.8832
sym_mig_size	Round_3_Replicate_20	-611.45	1236.9	867.96	142.14	2.8517,1.8692,0.4861,0.2721,0.1355,4.6038,0.1769
sym_mig_size	Round_3_Replicate_21	-1414.38	2842.76	4771.97	168.71	8.5147,1.0213,0.3261,0.9422,0.6074,4.6493,0.7798
sym_mig_size	Round_3_Replicate_22	-712.62	1439.24	1017.8	150.41	0.8879,0.9742,0.2126,0.7604,0.1049,8.3955,0.1058
sym_mig_size	Round_3_Replicate_23	-1043.87	2101.74	1905.47	266.64	0.7772,1.0895,0.2578,0.811,0.3658,1.1315,0.8405
sym_mig_size	Round_3_Replicate_24	-826.04	1666.08	1198.62	77.62	5.7587,6.0964,0.16,1.031,0.0566,5.4835,0.1323
sym_mig_size	Round_3_Replicate_25	-794.89	1603.78	1455.89	119.12	1.7761,11.6604,0.9556,0.3655,0.2773,8.48,0.7426
sym_mig_size	Round_3_Replicate_26	-843.49	1700.98	1114.94	182.9	1.041,1.1168,0.2388,1.4389,0.1547,2.6776,0.1752
sym_mig_size	Round_3_Replicate_27	-816.37	1646.74	1466.47	121.93	2.0464,9.4316,0.7946,0.4387,0.305,5.4225,0.4384
sym_mig_size	Round_3_Replicate_28	-826.25	1666.5	1356.32	212.99	9.0873,3.9076,0.1333,0.3772,0.3097,2.6585,0.2968
sym_mig_size	Round_3_Replicate_29	-925.1	1864.2	1923.29	188.52	1.5184,11.0024,0.4295,0.2122,0.756,3.5271,0.2668
sym_mig_size	Round_3_Replicate_30	-1858.12	3730.24	33140.11	95.37	4.7343,1.182,0.8738,1.3027,0.4171,6.932,0.1787
sym_mig_size	Round_4_Replicate_1	-610.88	1235.76	788.64	117.46	1.221,2.1609,0.2808,0.4949,0.0536,5.9446,0.0644
sym_mig_size	Round_4_Replicate_2	-728.58	1471.16	1001.75	99.47	1.1409,2.6043,0.3327,0.9753,0.0455,6.2179,0.057
sym_mig_size	Round_4_Replicate_3	-563.8	1141.6	617.98	138.42	1.4688,3.9331,0.3382,0.2325,0.1229,5.0792,0.1293
sym_mig_size	Round_4_Replicate_4	-567.09	1148.18	644.34	127.81	1.4392,1.1221,0.3041,0.7037,0.0864,6.9327,0.0594
sym_mig_size	Round_4_Replicate_5	-558.51	1131.02	594.1	124.84	2.4739,1.352,0.2925,1.0222,0.0592,4.7309,0.1031
sym_mig_size	Round_4_Replicate_6	-510.18	1034.36	555.14	77.76	2.8388,2.3779,0.3211,0.4718,0.0459,10.6079,0.0675
sym_mig_size	Round_4_Replicate_7	-676.77	1367.54	850.44	129.12	3.3408,3.462,0.2411,0.8055,0.0726,3.7229,0.2351
sym_mig_size	Round_4_Replicate_8	-515.52	1045.04	521.18	127.39	3.5527,1.8074,0.1366,0.4441,0.0713,4.7544,0.0758
sym_mig_size	Round_4_Replicate_9	-540.96	1095.92	530.62	95.47	2.6125,2.0358,0.2632,0.7938,0.0652,7.7258,0.0933
sym_mig_size	Round_4_Replicate_10	-504.71	1023.42	531.46	79.39	4.0406,3.2413,0.2615,0.3393,0.0525,9.0944,0.0893
sym_mig_size	Round_4_Replicate_11	-613.17	1240.34	832.98	123.45	3.8544,1.6826,0.1497,1.046,0.0283,3.7998,0.069
sym_mig_size	Round_4_Replicate_12	-573.77	1161.54	776.61	144.37	1.4689,1.1977,0.3186,0.5843,0.0547,4.8948,0.0905
sym_mig_size	Round_4_Replicate_13	-536.81	1087.62	624.9	121.02	4.6143,1.3427,0.193,0.3794,0.1306,7.6831,0.1366
sym_mig_size	Round_4_Replicate_14	-513.77	1041.54	547.48	104.01	3.2559,1.6021,0.1263,0.5176,0.0557,6.861,0.0472
sym_mig_size	Round_4_Replicate_15	-553.13	1120.26	580.24	146.95	1.349,1.0677,0.1524,0.5009,0.1043,5.5579,0.034
sym_mig_size	Round_4_Replicate_16	-533.18	1080.36	625.43	175.92	2.13,2.0826,0.3019,0.2923,0.1032,3.331,0.1654
sym_mig_size	Round_4_Replicate_17	-571.22	1156.44	698.42	162.9	1.3181,1.1448,0.2354,0.6255,0.059,3.6047,0.059
sym_mig_size	Round_4_Replicate_18	-527.69	1069.38	566.33	139.25	2.8143,1.5574,0.346,0.6061,0.0704,4.1118,0.1655
sym_mig_size	Round_4_Replicate_19	-609.2	1232.4	678.48	101.53	1.5798,2.1002,0.3494,0.95,0.0487,6.2032,0.0541
sym_mig_size	Round_4_Replicate_20	-529.33	1072.66	513.89	84.52	3.3016,2.7801,0.2817,0.5641,0.0585,7.7559,0.0847
sym_mig_size	Round_4_Replicate_21	-532.43	1078.86	653.24	128.62	2.123,1.1886,0.2705,0.3163,0.0713,5.5191,0.048
sym_mig_size	Round_4_Replicate_22	-559.72	1133.44	569.27	123.21	3.2633,1.6698,0.3234,0.8638,0.0717,4.2634,0.1379
sym_mig_size	Round_4_Replicate_23	-536.77	1087.54	563.07	194.09	1.2945,1.5887,0.2571,0.2589,0.1438,3.1194,0.0989
sym_mig_size	Round_4_Replicate_24	-576.36	1166.72	720.15	123.28	1.9041,1.6984,0.2094,0.7512,0.0397,4.7758,0.0631
sym_mig_size	Round_4_Replicate_25	-620.76	1255.52	642.47	108.3	4.3497,2.0776,0.1543,1.0662,0.0833,5.284,0.1098
sym_mig_size	Round_4_Replicate_26	-707.0	1428.0	887.38	127.86	1.6115,2.637,0.298,1.0285,0.067,3.8066,0.1778
sym_mig_size	Round_4_Replicate_27	-658.18	1330.36	789.12	117.71	1.3603,2.7387,0.2755,0.505,0.0503,3.9789,0.0449
sym_mig_size	Round_4_Replicate_28	-576.01	1166.02	593.55	149.93	2.4821,1.1562,0.1897,1.0007,0.0766,3.6164,0.09
sym_mig_size	Round_4_Replicate_29	-594.13	1202.26	691.06	98.31	1.5474,3.4961,0.3806,0.4177,0.0536,6.3889,0.0782
sym_mig_size	Round_4_Replicate_30	-573.79	1161.58	604.46	124.51	1.3667,1.3678,0.1904,0.5895,0.0928,7.0083,0.0412
sym_mig_size	Round_4_Replicate_31	-786.05	1586.1	1069.05	114.34	1.4454,2.7385,0.2695,0.9797,0.1049,4.6004,0.102
sym_mig_size	Round_4_Replicate_32	-578.89	1171.78	589.41	113.89	2.0175,1.5632,0.3362,1.0468,0.0817,6.4299,0.13
sym_mig_size	Round_4_Replicate_33	-512.32	1038.64	572.07	123.23	3.3501,1.9083,0.2752,0.4366,0.0677,5.2497,0.1334
sym_mig_size	Round_4_Replicate_34	-518.95	1051.9	531.3	95.89	2.7782,2.02,0.2895,0.6886,0.0517,7.2078,0.0878
sym_mig_size	Round_4_Replicate_35	-575.65	1165.3	579.14	95.06	2.2654,1.8161,0.3476,1.0665,0.0772,8.4693,0.1075
sym_mig_size	Round_4_Replicate_36	-569.63	1153.26	564.54	95.62	3.2524,2.3393,0.2707,1.0569,0.0554,6.11,0.1148
sym_mig_size	Round_4_Replicate_37	-529.07	1072.14	575.42	148.53	1.7161,2.2313,0.3232,0.2937,0.0978,4.4078,0.1209
sym_mig_size	Round_4_Replicate_38	-590.64	1195.28	696.83	132.38	1.7942,3.4427,0.3411,0.3932,0.0591,3.5092,0.1052
sym_mig_size	Round_4_Replicate_39	-503.91	1021.82	522.3	65.2	3.8809,3.0673,0.3542,0.6031,0.0396,12.1469,0.0966
sym_mig_size	Round_4_Replicate_40	-557.34	1128.68	573.43	136.27	1.575,1.7066,0.2839,0.5856,0.0648,4.0029,0.0641
