Model	Replicate	log-likelihood	AIC	chi-squared	theta	optimized_params(nu1, nu2, m, T)
sym_mig	Round_1_Replicate_1	-4500.03	9008.06	6163827.51	251.49	0.1597,2.8522,3.3851,6.4468
sym_mig	Round_1_Replicate_2	-2329.02	4666.04	14527.79	178.27	5.9741,0.1336,0.6131,1.4681
sym_mig	Round_1_Replicate_3	-4571.3	9150.6	7269616.75	266.59	0.1516,2.7538,3.6956,6.4399
sym_mig	Round_1_Replicate_4	-2552.11	5112.22	153888.8	417.89	0.4635,0.2914,2.5095,0.5362
sym_mig	Round_1_Replicate_5	-4362.94	8733.88	7856807.26	371.93	2.562,0.1528,5.2627,4.8791
sym_mig	Round_1_Replicate_6	-5204.43	10416.86	90928653.48	339.73	0.5495,0.4729,5.0765,0.9906
sym_mig	Round_1_Replicate_7	-1135.87	2279.74	3778.59	447.39	0.3086,0.2408,0.6199,0.1742
sym_mig	Round_1_Replicate_8	-5811.52	11631.04	254490503.94	291.0	3.7206,0.3661,4.2311,0.1987
sym_mig	Round_1_Replicate_9	-7919.11	15846.22	32361033367.3	176.03	3.1618,0.6511,5.5894,1.8232
sym_mig	Round_1_Replicate_10	-1364.66	2737.32	7297.14	282.15	0.6992,0.691,0.4285,0.586
sym_mig	Round_2_Replicate_1	-955.44	1918.88	1709.46	676.94	0.1653,0.1748,1.557,0.4974
sym_mig	Round_2_Replicate_2	-991.99	1991.98	1761.48	516.3	0.0969,0.2728,0.6284,0.1506
sym_mig	Round_2_Replicate_3	-807.36	1622.72	1275.65	393.51	0.5657,0.261,0.1437,0.3367
sym_mig	Round_2_Replicate_4	-833.4	1674.8	1189.22	694.35	0.091,0.1376,1.5078,0.1805
sym_mig	Round_2_Replicate_5	-1427.76	2863.52	7486.93	400.74	0.2334,0.4561,0.7237,0.1946
sym_mig	Round_2_Replicate_6	-1853.21	3714.42	10837.5	455.1	0.063,0.3743,1.9089,0.0877
sym_mig	Round_2_Replicate_7	-618.74	1245.48	773.63	572.31	0.2157,0.1834,0.4458,0.3871
sym_mig	Round_2_Replicate_8	-2209.2	4426.4	77634.28	363.06	0.3636,0.507,0.5765,0.1332
sym_mig	Round_2_Replicate_9	-1327.84	2663.68	3988.83	442.29	0.7067,0.1006,0.8796,0.5311
sym_mig	Round_2_Replicate_10	-1661.83	3331.66	14367.61	468.21	0.2457,0.2858,1.84,0.2579
sym_mig	Round_2_Replicate_11	-1241.35	2490.7	3195.93	373.93	1.0778,0.1219,0.1654,0.3076
sym_mig	Round_2_Replicate_12	-1630.71	3269.42	10361.36	428.58	0.5996,0.143,1.2907,0.1645
sym_mig	Round_2_Replicate_13	-2540.55	5089.1	177964.88	336.47	0.8439,0.4384,0.1825,0.1384
sym_mig	Round_2_Replicate_14	-1427.9	2863.8	4615.44	391.63	0.9952,0.1171,0.6589,0.2464
sym_mig	Round_2_Replicate_15	-777.86	1563.72	1119.21	519.86	0.2447,0.2176,0.7487,0.3325
sym_mig	Round_2_Replicate_16	-1009.92	2027.84	2227.5	336.26	0.3985,0.5993,0.3755,0.5149
sym_mig	Round_2_Replicate_17	-629.89	1267.78	807.03	566.19	0.1988,0.2085,0.3529,0.4507
sym_mig	Round_2_Replicate_18	-787.56	1583.12	1068.33	704.78	0.0818,0.1151,1.5315,0.1395
sym_mig	Round_2_Replicate_19	-767.49	1542.98	1141.03	496.89	0.309,0.2037,0.6295,0.3409
sym_mig	Round_2_Replicate_20	-3203.79	6415.58	914319.72	243.77	0.9098,0.9573,1.1733,0.568
sym_mig	Round_3_Replicate_1	-765.22	1538.44	1247.62	750.1	0.1151,0.1401,0.5427,0.7019
sym_mig	Round_3_Replicate_2	-670.25	1348.5	931.13	693.23	0.1749,0.1462,0.6741,1.4088
sym_mig	Round_3_Replicate_3	-672.59	1353.18	910.93	1013.01	0.1202,0.101,1.0816,1.4973
sym_mig	Round_3_Replicate_4	-599.41	1206.82	806.46	656.16	0.1424,0.12,0.4002,0.1977
sym_mig	Round_3_Replicate_5	-973.12	1954.24	1692.65	329.87	0.3,0.6596,0.4138,0.9727
sym_mig	Round_3_Replicate_6	-634.95	1277.9	829.48	433.35	0.3456,0.2784,0.2605,0.9477
sym_mig	Round_3_Replicate_7	-601.0	1210.0	743.41	545.68	0.1944,0.2018,0.1597,0.267
sym_mig	Round_3_Replicate_8	-1130.43	2268.86	2391.09	549.34	0.1223,0.3141,1.1496,0.4195
sym_mig	Round_3_Replicate_9	-622.75	1253.5	767.0	395.17	0.411,0.3323,0.1873,0.7952
sym_mig	Round_3_Replicate_10	-603.95	1215.9	737.72	484.86	0.2817,0.2471,0.1878,0.407
sym_mig	Round_3_Replicate_11	-825.61	1659.22	1318.51	659.57	0.2555,0.1431,1.0927,1.1022
sym_mig	Round_3_Replicate_12	-700.63	1409.26	1070.31	960.86	0.1114,0.0862,1.1418,0.548
sym_mig	Round_3_Replicate_13	-617.66	1243.32	824.94	458.41	0.3363,0.2555,0.1249,0.4471
sym_mig	Round_3_Replicate_14	-767.01	1542.02	1131.0	665.56	0.1573,0.1151,1.3029,0.2168
sym_mig	Round_3_Replicate_15	-699.03	1406.06	930.99	311.02	0.7556,0.3862,0.1408,0.8914
sym_mig	Round_3_Replicate_16	-1804.81	3617.62	22440.54	346.27	0.4928,0.4576,1.2088,0.9337
sym_mig	Round_3_Replicate_17	-703.44	1414.88	950.29	947.88	0.1163,0.1024,1.3256,0.6318
sym_mig	Round_3_Replicate_18	-605.27	1218.54	845.39	608.34	0.1489,0.1467,0.0987,0.1941
sym_mig	Round_3_Replicate_19	-636.41	1280.82	849.38	613.91	0.1688,0.1789,0.3848,0.3811
sym_mig	Round_3_Replicate_20	-1057.6	2123.2	2432.62	524.38	0.4102,0.148,1.1004,0.7823
sym_mig	Round_3_Replicate_21	-1063.08	2134.16	2498.04	363.52	0.7506,0.2427,0.5685,0.6494
sym_mig	Round_3_Replicate_22	-653.29	1314.58	855.49	551.12	0.1476,0.2198,0.1052,0.2265
sym_mig	Round_3_Replicate_23	-644.18	1296.36	731.59	491.79	0.2321,0.2725,0.3269,0.3677
sym_mig	Round_3_Replicate_24	-1013.25	2034.5	2250.77	488.95	0.4264,0.1262,0.7821,0.2507
sym_mig	Round_3_Replicate_25	-1044.11	2096.22	2221.55	387.95	0.2907,0.4787,0.6736,0.8231
sym_mig	Round_3_Replicate_26	-960.68	1929.36	1880.01	369.03	0.7704,0.2353,0.2935,0.3968
sym_mig	Round_3_Replicate_27	-620.22	1248.44	786.42	641.86	0.1537,0.1528,0.5156,0.2879
sym_mig	Round_3_Replicate_28	-662.16	1332.32	782.26	407.75	0.3591,0.3559,0.1166,0.4003
sym_mig	Round_3_Replicate_29	-1448.16	2904.32	5127.28	495.82	0.4857,0.0731,1.4492,0.1703
sym_mig	Round_3_Replicate_30	-823.14	1654.28	1523.86	376.08	0.678,0.1941,0.2814,0.9465
sym_mig	Round_4_Replicate_1	-591.73	1191.46	743.37	617.31	0.1509,0.1379,0.29,0.1925
sym_mig	Round_4_Replicate_2	-600.98	1209.96	775.06	643.66	0.1488,0.1286,0.4557,0.2092
sym_mig	Round_4_Replicate_3	-592.05	1192.1	737.49	588.25	0.1715,0.1592,0.2339,0.2218
sym_mig	Round_4_Replicate_4	-591.31	1190.62	754.78	616.75	0.1522,0.136,0.2612,0.19
sym_mig	Round_4_Replicate_5	-654.79	1317.58	823.56	641.09	0.1654,0.15,0.7603,0.3019
sym_mig	Round_4_Replicate_6	-592.61	1193.22	758.9	588.54	0.1807,0.1561,0.2423,0.2335
sym_mig	Round_4_Replicate_7	-600.71	1209.42	774.06	654.59	0.1392,0.1241,0.466,0.198
sym_mig	Round_4_Replicate_8	-598.97	1205.94	758.12	676.64	0.1072,0.1009,0.4612,0.134
sym_mig	Round_4_Replicate_9	-611.65	1231.3	775.13	633.83	0.1598,0.1369,0.5384,0.2333
sym_mig	Round_4_Replicate_10	-601.01	1210.02	725.89	568.6	0.1969,0.1848,0.3396,0.3008
sym_mig	Round_4_Replicate_11	-598.87	1205.74	728.19	537.53	0.227,0.2032,0.2677,0.3335
sym_mig	Round_4_Replicate_12	-605.6	1219.2	787.35	698.69	0.1056,0.0977,0.5888,0.1436
sym_mig	Round_4_Replicate_13	-596.59	1201.18	739.71	553.05	0.2122,0.1909,0.2564,0.3089
sym_mig	Round_4_Replicate_14	-597.69	1203.38	749.33	647.98	0.1338,0.1253,0.4313,0.1826
sym_mig	Round_4_Replicate_15	-609.01	1226.02	781.19	666.49	0.135,0.1224,0.564,0.2025
sym_mig	Round_4_Replicate_16	-617.5	1243.0	736.39	648.29	0.1205,0.1328,0.5445,0.1754
sym_mig	Round_4_Replicate_17	-596.39	1200.78	734.53	565.35	0.2035,0.1757,0.2934,0.2754
sym_mig	Round_4_Replicate_18	-612.95	1233.9	776.98	665.12	0.133,0.1201,0.6128,0.1915
sym_mig	Round_4_Replicate_19	-593.37	1194.74	738.17	580.5	0.1849,0.161,0.2642,0.2345
sym_mig	Round_4_Replicate_20	-593.26	1194.52	748.02	634.13	0.1296,0.1182,0.2621,0.1495
sym_mig	Round_4_Replicate_21	-594.04	1196.08	746.08	567.48	0.1888,0.1768,0.1967,0.2514
sym_mig	Round_4_Replicate_22	-599.8	1207.6	730.98	565.84	0.203,0.1832,0.3303,0.303
sym_mig	Round_4_Replicate_23	-592.39	1192.78	771.45	635.93	0.142,0.1234,0.3001,0.177
sym_mig	Round_4_Replicate_24	-601.44	1210.88	773.12	699.24	0.0943,0.0902,0.5104,0.1198
sym_mig	Round_4_Replicate_25	-615.64	1239.28	766.89	618.06	0.1724,0.1547,0.5236,0.2817
sym_mig	Round_4_Replicate_26	-610.34	1228.68	757.93	622.63	0.1644,0.1489,0.5051,0.2541
sym_mig	Round_4_Replicate_27	-598.44	1204.88	734.15	627.07	0.1454,0.1354,0.4121,0.1923
sym_mig	Round_4_Replicate_28	-600.26	1208.52	726.05	581.52	0.1856,0.1736,0.3585,0.2747
sym_mig	Round_4_Replicate_29	-630.45	1268.9	798.12	640.26	0.1646,0.1521,0.6112,0.3125
sym_mig	Round_4_Replicate_30	-600.82	1209.64	789.86	699.08	0.0967,0.0872,0.4969,0.1184
sym_mig	Round_4_Replicate_31	-601.65	1211.3	789.28	683.46	0.1171,0.1041,0.5148,0.1572
sym_mig	Round_4_Replicate_32	-615.01	1238.02	773.21	691.54	0.1098,0.1124,0.6348,0.1682
sym_mig	Round_4_Replicate_33	-601.65	1211.3	758.32	604.69	0.1787,0.151,0.4087,0.2523
sym_mig	Round_4_Replicate_34	-592.61	1193.22	745.95	583.94	0.1758,0.1638,0.2172,0.2322
sym_mig	Round_4_Replicate_35	-601.78	1211.56	766.58	557.28	0.2145,0.1646,0.2355,0.2419
sym_mig	Round_4_Replicate_36	-607.56	1223.12	789.41	694.14	0.1098,0.0993,0.613,0.148
sym_mig	Round_4_Replicate_37	-618.53	1245.06	835.5	722.87	0.0995,0.0859,0.773,0.134
sym_mig	Round_4_Replicate_38	-608.69	1225.38	796.0	671.18	0.1358,0.1205,0.5492,0.2065
sym_mig	Round_4_Replicate_39	-598.81	1205.62	774.76	594.74	0.1785,0.166,0.2766,0.2749
sym_mig	Round_4_Replicate_40	-604.93	1217.86	764.45	654.05	0.1376,0.1249,0.522,0.1957
