Model	Replicate	log-likelihood	AIC	chi-squared	theta	optimized_params(nu1, nu2, m, T1, T2)
anc_sym_mig	Round_1_Replicate_1	-999.29	2008.58	2161.64	402.79	0.3396,0.4371,3.7907,0.5363,0.1638
anc_sym_mig	Round_1_Replicate_2	-2636.06	5282.12	20517454.4	163.54	0.3842,1.2179,1.5971,2.69,3.3124
anc_sym_mig	Round_1_Replicate_3	-2712.87	5435.74	40778.29	134.71	0.1642,7.0862,3.4933,0.1922,0.7149
anc_sym_mig	Round_1_Replicate_4	-1046.74	2103.48	3696.07	394.64	0.6768,0.1737,0.5071,0.566,0.226
anc_sym_mig	Round_1_Replicate_5	-2413.67	4837.34	3714468.99	110.95	3.6614,0.48,1.3951,0.1533,3.9003
anc_sym_mig	Round_1_Replicate_6	-1092.8	2195.6	2245.63	259.99	1.6381,0.4142,0.164,0.1698,0.3981
anc_sym_mig	Round_1_Replicate_7	-2042.94	4095.88	32958.97	114.25	4.2574,0.9693,4.4212,3.5664,0.4477
anc_sym_mig	Round_1_Replicate_8	-2142.46	4294.92	53102.86	117.03	7.2117,0.3811,0.1346,0.647,1.4029
anc_sym_mig	Round_1_Replicate_9	-2352.13	4714.26	188297.32	174.25	3.9364,0.1976,1.0316,0.2977,1.1359
anc_sym_mig	Round_1_Replicate_10	-1180.68	2371.36	11616.41	60.79	3.8207,3.6814,0.5642,0.4239,5.433
anc_sym_mig	Round_2_Replicate_1	-713.84	1437.68	1035.55	438.45	0.4173,0.2716,1.6675,0.4638,0.1877
anc_sym_mig	Round_2_Replicate_2	-1178.09	2366.18	2689.06	351.46	0.2313,0.7228,1.2924,0.231,0.1122
anc_sym_mig	Round_2_Replicate_3	-3293.65	6597.3	950548.61	231.78	0.8712,1.6216,2.3393,0.2277,0.1131
anc_sym_mig	Round_2_Replicate_4	-1757.04	3524.08	7358.0	433.28	0.09,0.6876,11.9801,0.1513,0.079
anc_sym_mig	Round_2_Replicate_5	-747.78	1505.56	1439.56	314.47	0.5375,0.5511,3.3866,0.2468,0.5839
anc_sym_mig	Round_2_Replicate_6	-2686.76	5383.52	173265.89	261.1	0.5026,1.5301,3.8641,0.1486,0.1239
anc_sym_mig	Round_2_Replicate_7	-751.55	1513.1	1907.83	738.45	0.2461,0.1618,18.0662,0.6082,0.2784
anc_sym_mig	Round_2_Replicate_8	-683.34	1376.68	931.12	512.52	0.2683,0.2827,7.3298,0.3663,0.2436
anc_sym_mig	Round_2_Replicate_9	-1233.75	2477.5	2685.69	395.77	0.1475,0.6378,1.0369,0.6397,0.0611
anc_sym_mig	Round_2_Replicate_10	-1078.86	2167.72	3169.03	285.08	1.3086,0.2873,10.434,0.3168,0.6425
anc_sym_mig	Round_2_Replicate_11	-2702.92	5415.84	271589.17	308.12	0.4896,0.7513,10.3762,0.3455,0.1011
anc_sym_mig	Round_2_Replicate_12	-1352.17	2714.34	5839.2	342.78	1.2421,0.1637,9.6413,0.3314,0.4842
anc_sym_mig	Round_2_Replicate_13	-751.57	1513.14	1128.01	443.55	0.4352,0.2628,10.9352,0.2804,0.2689
anc_sym_mig	Round_2_Replicate_14	-1580.15	3170.3	5099.23	359.71	0.1291,0.8758,4.1835,0.1463,0.111
anc_sym_mig	Round_2_Replicate_15	-1881.76	3773.52	171478.41	568.82	0.1181,0.2634,1.2735,0.2191,0.5329
anc_sym_mig	Round_2_Replicate_16	-2888.88	5787.76	415757.78	261.88	0.9789,0.9896,2.1193,0.1917,0.1063
anc_sym_mig	Round_2_Replicate_17	-1775.65	3561.3	7076.77	484.39	0.0805,0.6699,3.8909,0.5598,0.0591
anc_sym_mig	Round_2_Replicate_18	-1188.33	2386.66	17018.91	603.07	0.2198,0.2455,8.5277,0.7388,0.5836
anc_sym_mig	Round_2_Replicate_19	-897.54	1805.08	1671.69	431.06	0.6154,0.2151,2.5938,1.2166,0.2177
anc_sym_mig	Round_2_Replicate_20	-788.52	1587.04	1101.52	484.63	0.2668,0.35,3.2065,0.7463,0.1729
anc_sym_mig	Round_3_Replicate_1	-828.36	1666.72	1817.9	380.43	0.6727,0.2737,18.9632,0.5346,0.4794
anc_sym_mig	Round_3_Replicate_2	-756.07	1522.14	1374.84	334.95	0.4253,0.5608,3.1924,0.2063,0.5038
anc_sym_mig	Round_3_Replicate_3	-707.03	1424.06	956.98	1161.36	0.1233,0.138,4.3943,1.358,0.0783
anc_sym_mig	Round_3_Replicate_4	-813.05	1636.1	1526.88	270.47	0.5191,0.7899,3.1761,0.5545,0.6409
anc_sym_mig	Round_3_Replicate_5	-919.8	1849.6	1733.06	487.45	0.4105,0.1566,26.7128,0.0918,0.1562
anc_sym_mig	Round_3_Replicate_6	-1445.61	2901.22	28620.28	333.71	0.8778,0.2037,11.7163,0.1405,0.9027
anc_sym_mig	Round_3_Replicate_7	-692.51	1395.02	982.46	863.9	0.1592,0.1812,4.4139,0.9437,0.1283
anc_sym_mig	Round_3_Replicate_8	-795.41	1600.82	1234.29	405.62	0.5095,0.3377,11.1363,1.5327,0.3171
anc_sym_mig	Round_3_Replicate_9	-712.38	1434.76	1079.57	396.33	0.4063,0.399,9.0814,0.5565,0.3925
anc_sym_mig	Round_3_Replicate_10	-703.15	1416.3	1142.9	433.1	0.3422,0.3697,11.9012,0.503,0.3864
anc_sym_mig	Round_3_Replicate_11	-889.52	1789.04	2854.11	642.9	0.2473,0.1129,3.0218,0.1689,0.2123
anc_sym_mig	Round_3_Replicate_12	-791.83	1593.66	1172.01	359.04	0.3513,0.5504,7.8364,0.2088,0.3762
anc_sym_mig	Round_3_Replicate_13	-962.49	1934.98	1835.67	359.77	0.7902,0.2785,11.0936,0.1811,0.2937
anc_sym_mig	Round_3_Replicate_14	-927.72	1865.44	1814.78	394.05	0.7026,0.208,4.5402,0.1674,0.267
anc_sym_mig	Round_3_Replicate_15	-849.08	1708.16	1654.46	271.68	1.0072,0.4991,5.1823,0.1193,0.673
anc_sym_mig	Round_3_Replicate_16	-1585.09	3180.18	4365.31	539.9	0.0737,0.7294,23.8276,0.3193,0.1321
anc_sym_mig	Round_3_Replicate_17	-836.11	1682.22	1505.4	672.95	0.1346,0.2905,5.7714,0.5724,0.1892
anc_sym_mig	Round_3_Replicate_18	-1014.9	2039.8	2094.52	393.56	0.6954,0.2184,2.7207,0.2592,0.1704
anc_sym_mig	Round_3_Replicate_19	-760.03	1530.06	1023.28	477.2	0.2349,0.3422,8.306,0.2397,0.2132
anc_sym_mig	Round_3_Replicate_20	-780.96	1571.92	1150.89	400.38	0.406,0.3571,6.382,0.1462,0.2573
anc_sym_mig	Round_3_Replicate_21	-1141.0	2292.0	11720.23	346.8	0.6567,0.2788,1.9547,0.2856,0.8239
anc_sym_mig	Round_3_Replicate_22	-738.3	1486.6	1603.07	414.2	0.3424,0.3988,2.1209,1.1971,0.4043
anc_sym_mig	Round_3_Replicate_23	-677.88	1365.76	1156.27	500.65	0.3204,0.2572,14.7111,0.3145,0.3283
anc_sym_mig	Round_3_Replicate_24	-2149.46	4308.92	989776.48	694.18	0.1834,0.1289,13.8225,0.2419,0.7111
anc_sym_mig	Round_3_Replicate_25	-883.0	1776.0	1484.63	260.75	0.5043,0.9159,4.3617,0.5166,0.5631
anc_sym_mig	Round_3_Replicate_26	-851.65	1713.3	1703.94	633.29	0.1632,0.338,4.5282,1.418,0.2328
anc_sym_mig	Round_3_Replicate_27	-1110.18	2230.36	2140.59	361.17	0.1955,0.7763,9.5322,0.2511,0.2859
anc_sym_mig	Round_3_Replicate_28	-1419.7	2849.4	3571.1	393.43	0.1635,0.9803,24.9441,0.6919,0.197
anc_sym_mig	Round_3_Replicate_29	-1055.13	2120.26	2704.37	362.0	0.4225,0.4908,11.7134,0.2717,0.2322
anc_sym_mig	Round_3_Replicate_30	-815.62	1641.24	2368.8	393.93	0.3037,0.4449,15.9101,0.0769,0.562
anc_sym_mig	Round_4_Replicate_1	-683.78	1377.56	1051.37	494.98	0.2896,0.3025,8.8054,0.4372,0.306
anc_sym_mig	Round_4_Replicate_2	-668.27	1346.54	1048.24	495.03	0.3145,0.2555,7.3691,0.269,0.2891
anc_sym_mig	Round_4_Replicate_3	-646.64	1303.28	985.13	662.34	0.1986,0.1819,14.8946,0.2636,0.2072
anc_sym_mig	Round_4_Replicate_4	-738.5	1487.0	1758.86	482.73	0.3744,0.246,24.1291,0.3238,0.4203
anc_sym_mig	Round_4_Replicate_5	-682.95	1375.9	1025.64	501.25	0.3004,0.29,17.8225,0.4422,0.3081
anc_sym_mig	Round_4_Replicate_6	-672.04	1354.08	996.66	486.53	0.3127,0.2764,8.7551,0.3007,0.2909
anc_sym_mig	Round_4_Replicate_7	-690.94	1391.88	1169.46	429.73	0.3948,0.3148,10.4282,0.2912,0.3866
anc_sym_mig	Round_4_Replicate_8	-693.7	1397.4	1247.87	430.39	0.3846,0.3216,9.28,0.311,0.4043
anc_sym_mig	Round_4_Replicate_9	-681.49	1372.98	1048.93	437.15	0.3511,0.3262,9.0935,0.244,0.3485
anc_sym_mig	Round_4_Replicate_10	-676.85	1363.7	1013.74	502.8	0.2723,0.2916,14.4772,0.314,0.2985
anc_sym_mig	Round_4_Replicate_11	-731.32	1472.64	1134.82	366.24	0.5262,0.3833,19.8995,0.2942,0.4316
anc_sym_mig	Round_4_Replicate_12	-732.42	1474.84	1352.63	341.35	0.5677,0.4251,13.5219,0.2375,0.5505
anc_sym_mig	Round_4_Replicate_13	-720.46	1450.92	1175.76	371.88	0.3955,0.4579,14.3072,0.2243,0.4597
anc_sym_mig	Round_4_Replicate_14	-735.7	1481.4	1111.75	400.76	0.4848,0.3329,19.9369,0.459,0.3656
anc_sym_mig	Round_4_Replicate_15	-646.35	1302.7	992.52	589.86	0.2297,0.1967,13.7358,0.1989,0.2305
anc_sym_mig	Round_4_Replicate_16	-638.26	1286.52	889.33	615.55	0.2012,0.1848,15.6516,0.1741,0.1946
anc_sym_mig	Round_4_Replicate_17	-668.7	1347.4	1033.56	559.01	0.2794,0.227,9.9534,0.3835,0.2579
anc_sym_mig	Round_4_Replicate_18	-714.72	1439.44	1280.55	383.27	0.4011,0.4239,10.671,0.3792,0.4745
anc_sym_mig	Round_4_Replicate_19	-662.95	1335.9	941.46	554.87	0.2593,0.2332,23.3143,0.2869,0.25
anc_sym_mig	Round_4_Replicate_20	-702.39	1414.78	1176.27	417.03	0.3901,0.3648,16.4447,0.5369,0.4192
anc_sym_mig	Round_4_Replicate_21	-750.49	1510.98	1894.46	474.18	0.2807,0.3186,28.954,0.2458,0.4498
anc_sym_mig	Round_4_Replicate_22	-706.28	1422.56	1109.71	394.27	0.3617,0.4146,29.8095,0.1621,0.4217
anc_sym_mig	Round_4_Replicate_23	-724.78	1459.56	1277.23	343.7	0.521,0.4509,10.0924,0.3676,0.5293
anc_sym_mig	Round_4_Replicate_24	-694.08	1398.16	1170.43	472.07	0.3292,0.3176,29.809,0.5405,0.3734
anc_sym_mig	Round_4_Replicate_25	-644.6	1299.2	920.44	611.1	0.2102,0.1984,10.1269,0.235,0.2037
anc_sym_mig	Round_4_Replicate_26	-733.42	1476.84	1333.36	475.12	0.4206,0.2168,12.6646,0.2433,0.3171
anc_sym_mig	Round_4_Replicate_27	-685.77	1381.54	1220.35	426.29	0.3573,0.3298,10.2144,0.1393,0.4016
anc_sym_mig	Round_4_Replicate_28	-642.55	1295.1	932.6	577.98	0.217,0.2075,26.3863,0.157,0.2316
anc_sym_mig	Round_4_Replicate_29	-729.76	1469.52	1445.52	383.39	0.5159,0.3283,15.2383,0.1756,0.4862
anc_sym_mig	Round_4_Replicate_30	-676.26	1362.52	1126.32	469.22	0.3245,0.2909,25.2297,0.2407,0.3573
anc_sym_mig	Round_4_Replicate_31	-700.89	1411.78	1256.88	397.19	0.4279,0.3575,14.6136,0.2229,0.4536
anc_sym_mig	Round_4_Replicate_32	-745.77	1501.54	1147.48	343.41	0.5605,0.4332,21.8447,0.3904,0.4607
anc_sym_mig	Round_4_Replicate_33	-653.57	1317.14	977.3	614.23	0.231,0.1997,15.3149,0.2934,0.2262
anc_sym_mig	Round_4_Replicate_34	-684.25	1378.5	1157.05	643.8	0.2433,0.2186,23.2514,0.6099,0.2651
anc_sym_mig	Round_4_Replicate_35	-689.04	1388.08	1238.44	423.01	0.3751,0.3283,26.1184,0.1541,0.4242
anc_sym_mig	Round_4_Replicate_36	-696.77	1403.54	1246.38	408.28	0.3984,0.3535,10.7337,0.2451,0.434
anc_sym_mig	Round_4_Replicate_37	-668.33	1346.66	1082.55	610.56	0.2304,0.2239,18.4143,0.3859,0.2599
anc_sym_mig	Round_4_Replicate_38	-731.51	1473.02	1320.62	339.04	0.5648,0.436,29.6723,0.1476,0.5579
anc_sym_mig	Round_4_Replicate_39	-664.67	1339.34	1011.81	490.25	0.2936,0.2727,18.9614,0.2052,0.3075
anc_sym_mig	Round_4_Replicate_40	-651.61	1313.22	944.39	504.95	0.2747,0.2413,7.7712,0.1485,0.2503
