Model	Replicate	log-likelihood	AIC	chi-squared	theta	optimized_params(nu1a, nu2a, nu1b, nu2b, m12, m21, T1, T2, T3)
sec_contact_asym_mig_size_three_epoch	Round_1_Replicate_1	-4653.19	9324.38	7.19446850759e+11	106.28	0.2006,0.9031,0.2732,2.3474,1.1476,0.4552,1.0842,0.2177,5.0316
sec_contact_asym_mig_size_three_epoch	Round_1_Replicate_2	-761.3	1540.6	1146.26	276.69	0.6094,0.1739,0.5651,0.7129,0.6803,0.5947,0.1374,0.7887,0.3338
sec_contact_asym_mig_size_three_epoch	Round_1_Replicate_3	-1206.24	2430.48	10418.42	58.51	0.1356,0.2334,3.7769,4.3961,4.2798,0.1779,3.745,0.2134,4.4362
sec_contact_asym_mig_size_three_epoch	Round_1_Replicate_4	-1438.44	2894.88	46771.74	210.98	0.7401,2.4342,1.3828,0.4171,0.4896,2.2814,0.1962,0.1292,1.6879
sec_contact_asym_mig_size_three_epoch	Round_1_Replicate_5	-1780.98	3579.96	301926.08	236.91	1.2453,2.2185,0.3976,0.7954,3.2693,0.3231,0.1504,3.3895,1.9197
sec_contact_asym_mig_size_three_epoch	Round_1_Replicate_6	-3724.51	7467.02	594616.89	157.35	1.8594,0.2603,1.1255,6.0932,4.709,0.3548,0.9521,0.3286,0.1537
sec_contact_asym_mig_size_three_epoch	Round_1_Replicate_7	-1719.62	3457.24	76539.79	85.33	1.3541,4.7292,4.6107,0.7219,0.8437,2.9526,3.1027,0.2359,3.5627
sec_contact_asym_mig_size_three_epoch	Round_1_Replicate_8	-1111.48	2240.96	9328.9	45.95	0.5226,0.4679,6.0795,3.6859,0.1596,1.5163,0.2041,2.5133,6.8328
sec_contact_asym_mig_size_three_epoch	Round_1_Replicate_9	-3912.14	7842.28	2506520.41	98.51	0.2065,0.3113,1.3239,6.7905,5.4028,0.2767,0.2511,1.3426,0.2449
sec_contact_asym_mig_size_three_epoch	Round_1_Replicate_10	-1570.9	3159.8	49529.97	164.6	3.6846,0.6244,0.4264,1.2654,0.2865,0.2207,0.5815,3.1586,1.4543
sec_contact_asym_mig_size_three_epoch	Round_2_Replicate_1	-1298.25	2614.5	5975.16	163.82	0.2399,0.6741,0.4651,1.9913,0.7092,1.4309,0.3141,2.1277,1.0581
sec_contact_asym_mig_size_three_epoch	Round_2_Replicate_2	-815.12	1648.24	1154.36	305.29	0.3706,0.3786,0.3576,0.865,1.2248,0.3172,0.3322,0.2986,0.2258
sec_contact_asym_mig_size_three_epoch	Round_2_Replicate_3	-983.34	1984.68	2057.23	140.55	0.1665,0.051,1.7799,1.4,1.5895,0.3738,0.0985,2.0348,1.0312
sec_contact_asym_mig_size_three_epoch	Round_2_Replicate_4	-1171.6	2361.2	18344.11	335.3	1.491,0.2902,0.4884,0.4025,1.5494,0.2489,0.0697,0.2289,0.9674
sec_contact_asym_mig_size_three_epoch	Round_2_Replicate_5	-1347.21	2712.42	2925.33	286.02	0.9483,0.0469,0.1904,1.77,2.0619,0.4264,0.3161,0.3704,0.2892
sec_contact_asym_mig_size_three_epoch	Round_2_Replicate_6	-1291.15	2600.3	6228.11	194.05	2.4457,0.2239,0.4136,2.0015,0.2681,0.2128,0.1077,0.2033,0.8683
sec_contact_asym_mig_size_three_epoch	Round_2_Replicate_7	-864.53	1747.06	2276.99	138.46	0.2035,0.2958,1.5601,1.3612,0.2961,0.5061,0.2275,1.5744,1.2704
sec_contact_asym_mig_size_three_epoch	Round_2_Replicate_8	-1305.08	2628.16	4912.48	298.98	1.3755,0.0686,0.1845,1.1465,1.8881,0.1643,0.1763,1.0778,0.3679
sec_contact_asym_mig_size_three_epoch	Round_2_Replicate_9	-1207.13	2432.26	3713.73	215.34	1.5119,0.6714,0.6704,1.2056,1.1325,1.3015,0.1064,0.8219,0.2989
sec_contact_asym_mig_size_three_epoch	Round_2_Replicate_10	-774.52	1567.04	1093.29	289.09	1.8422,0.3189,0.5661,0.5468,1.0449,0.4729,0.0691,2.5113,0.1631
sec_contact_asym_mig_size_three_epoch	Round_2_Replicate_11	-1872.35	3762.7	12335.48	186.8	0.1502,0.4702,0.4496,2.5508,2.7545,2.112,0.3311,0.6712,0.2542
sec_contact_asym_mig_size_three_epoch	Round_2_Replicate_12	-1204.17	2426.34	9625.16	362.88	1.6308,0.329,0.2212,0.5361,0.4295,0.4044,0.3796,0.4144,0.4374
sec_contact_asym_mig_size_three_epoch	Round_2_Replicate_13	-1883.11	3784.22	293485.55	407.52	0.1669,0.3193,0.3691,0.2169,0.2664,0.6368,0.1133,0.8968,0.8365
sec_contact_asym_mig_size_three_epoch	Round_2_Replicate_14	-1350.57	2719.14	2462.59	201.76	2.1631,0.1241,0.2903,2.8042,0.7723,0.1816,0.3933,0.5921,0.2531
sec_contact_asym_mig_size_three_epoch	Round_2_Replicate_15	-1001.3	2020.6	1775.44	310.78	1.0615,0.054,0.5673,0.922,1.5945,0.6399,0.0953,0.2008,0.2013
sec_contact_asym_mig_size_three_epoch	Round_2_Replicate_16	-796.32	1610.64	1810.7	287.06	1.4143,0.6221,0.4765,0.7158,0.2153,0.3509,0.1973,0.2015,0.4759
sec_contact_asym_mig_size_three_epoch	Round_2_Replicate_17	-1274.68	2567.36	9091.82	327.77	0.1793,0.0512,0.2259,0.8293,0.1796,0.753,0.0413,0.3735,0.4727
sec_contact_asym_mig_size_three_epoch	Round_2_Replicate_18	-1042.19	2102.38	2469.71	314.51	0.4405,0.184,0.8144,0.4477,1.319,0.4318,0.0961,0.5667,0.1407
sec_contact_asym_mig_size_three_epoch	Round_2_Replicate_19	-834.18	1686.36	2699.28	450.51	2.2422,0.3582,0.3288,0.2585,0.2141,0.4338,0.0504,0.6802,0.1772
sec_contact_asym_mig_size_three_epoch	Round_2_Replicate_20	-795.83	1609.66	2408.82	456.55	2.1721,0.241,0.3013,0.2472,1.561,0.3543,0.4072,0.2163,0.2296
sec_contact_asym_mig_size_three_epoch	Round_3_Replicate_1	-1220.7	2459.4	2825.18	243.36	0.4501,0.5165,0.4223,1.264,0.5643,1.9225,0.1095,0.9691,0.3375
sec_contact_asym_mig_size_three_epoch	Round_3_Replicate_2	-1339.89	2697.78	39152.72	353.56	0.4479,0.4327,0.3616,0.4584,0.2399,1.9415,0.4844,0.9255,0.9616
sec_contact_asym_mig_size_three_epoch	Round_3_Replicate_3	-1391.92	2801.84	4536.04	272.97	0.595,0.0484,1.7203,0.4024,2.7272,0.2045,0.1328,0.307,0.4454
sec_contact_asym_mig_size_three_epoch	Round_3_Replicate_4	-1388.35	2794.7	3672.19	251.42	0.7595,0.51,2.0258,0.3148,2.3728,1.0964,0.4737,2.7658,0.3304
sec_contact_asym_mig_size_three_epoch	Round_3_Replicate_5	-764.33	1546.66	1115.01	360.82	0.4477,0.4305,0.572,0.306,0.7594,1.0048,0.1865,1.3816,0.1214
sec_contact_asym_mig_size_three_epoch	Round_3_Replicate_6	-767.93	1553.86	1192.55	361.28	2.1231,0.0851,0.3608,0.6269,1.6557,0.1681,0.0932,0.7094,0.2336
sec_contact_asym_mig_size_three_epoch	Round_3_Replicate_7	-1372.78	2763.56	4927.96	160.43	0.2921,0.2654,0.3281,2.1284,2.211,0.5112,0.0885,1.9469,0.7857
sec_contact_asym_mig_size_three_epoch	Round_3_Replicate_8	-684.7	1387.4	969.81	391.08	0.1719,0.3364,0.4921,0.357,0.655,0.2703,0.3211,0.3404,0.0952
sec_contact_asym_mig_size_three_epoch	Round_3_Replicate_9	-1229.61	2477.22	7363.68	187.0	0.3242,0.191,0.5087,1.7651,0.2177,0.1883,0.0459,0.2603,1.0893
sec_contact_asym_mig_size_three_epoch	Round_3_Replicate_10	-832.06	1682.12	2499.58	304.03	1.7662,0.0834,0.6497,0.3434,0.6114,0.3315,0.1913,2.5164,0.3676
sec_contact_asym_mig_size_three_epoch	Round_3_Replicate_11	-903.45	1824.9	2817.26	502.29	0.6796,0.0564,0.2281,0.2032,0.3344,0.2696,0.4865,0.2107,0.0731
sec_contact_asym_mig_size_three_epoch	Round_3_Replicate_12	-927.33	1872.66	1469.23	372.32	0.3315,0.2663,0.2726,0.6096,1.0998,1.0565,0.0934,0.248,0.1199
sec_contact_asym_mig_size_three_epoch	Round_3_Replicate_13	-897.91	1813.82	2468.82	164.76	0.2937,0.1426,1.7055,0.5725,0.3852,1.482,0.0298,3.1818,0.9976
sec_contact_asym_mig_size_three_epoch	Round_3_Replicate_14	-1463.24	2944.48	35778.76	287.75	0.2617,0.6327,0.9047,0.2413,0.9285,0.8229,0.4597,1.9107,0.9109
sec_contact_asym_mig_size_three_epoch	Round_3_Replicate_15	-1142.88	2303.76	9540.45	281.23	0.7258,0.0491,0.9778,0.3228,0.2856,1.8064,0.3053,0.2865,0.8485
sec_contact_asym_mig_size_three_epoch	Round_3_Replicate_16	-1385.13	2788.26	25103.54	476.57	2.1575,0.1149,0.2025,0.3072,0.7503,0.5043,0.0412,1.3611,0.4852
sec_contact_asym_mig_size_three_epoch	Round_3_Replicate_17	-1275.48	2568.96	3170.05	266.1	0.7195,0.0394,2.015,0.3971,0.1839,1.8617,0.0435,0.2004,0.2237
sec_contact_asym_mig_size_three_epoch	Round_3_Replicate_18	-999.79	2017.58	1970.03	110.22	0.5591,0.2125,1.732,2.3087,0.3963,0.1608,0.5419,2.1909,0.7048
sec_contact_asym_mig_size_three_epoch	Round_3_Replicate_19	-1172.54	2363.08	4030.68	188.85	0.5651,0.0456,1.0271,1.0766,1.7637,0.3566,0.2923,3.1837,0.3209
sec_contact_asym_mig_size_three_epoch	Round_3_Replicate_20	-1252.86	2523.72	9412.52	199.89	0.192,0.2276,0.4454,1.44,0.4951,1.121,0.1299,0.8237,1.0799
sec_contact_asym_mig_size_three_epoch	Round_3_Replicate_21	-1065.63	2149.26	3771.42	199.44	0.5874,0.151,1.6808,0.4351,2.0837,1.6389,0.0519,3.1316,0.9486
sec_contact_asym_mig_size_three_epoch	Round_3_Replicate_22	-931.43	1880.86	1578.5	358.23	0.499,0.4988,0.3252,0.536,1.1629,1.3186,0.3115,1.2783,0.1183
sec_contact_asym_mig_size_three_epoch	Round_3_Replicate_23	-964.83	1947.66	2113.88	282.95	0.6506,0.1524,0.214,0.8154,0.4786,0.1616,0.0337,2.0253,0.1499
sec_contact_asym_mig_size_three_epoch	Round_3_Replicate_24	-1135.19	2288.38	2204.97	214.78	0.2262,0.5607,0.2516,1.3773,0.4111,0.2244,0.2528,1.7491,0.1057
sec_contact_asym_mig_size_three_epoch	Round_3_Replicate_25	-1525.27	3068.54	7664.54	150.46	0.33,0.3281,1.0415,2.4983,1.1247,0.2831,0.0602,0.8246,0.384
sec_contact_asym_mig_size_three_epoch	Round_3_Replicate_26	-1017.44	2052.88	2313.23	259.2	0.1574,0.0459,1.4617,0.3201,0.2539,0.2475,0.0928,0.984,0.1812
sec_contact_asym_mig_size_three_epoch	Round_3_Replicate_27	-1341.68	2701.36	28040.28	304.95	1.872,0.3018,0.754,0.2818,0.2401,0.2706,0.2086,0.4711,0.7648
sec_contact_asym_mig_size_three_epoch	Round_3_Replicate_28	-2318.07	4654.14	228302.94	173.78	0.3777,0.0858,0.2023,2.6656,0.5664,0.7503,0.065,0.3231,1.1008
sec_contact_asym_mig_size_three_epoch	Round_3_Replicate_29	-885.05	1788.1	1384.26	183.98	1.0464,0.1357,0.9873,1.3926,0.2731,0.1592,0.1683,1.0394,0.3131
sec_contact_asym_mig_size_three_epoch	Round_3_Replicate_30	-1208.66	2435.32	3304.12	198.1	0.26,0.2372,2.0789,0.2502,0.2111,1.4494,0.0389,1.9986,0.3679
sec_contact_asym_mig_size_three_epoch	Round_4_Replicate_1	-799.36	1616.72	1171.88	310.03	0.1147,0.1898,0.7292,0.6613,0.7805,0.4217,0.2614,0.3307,0.2323
sec_contact_asym_mig_size_three_epoch	Round_4_Replicate_2	-700.24	1418.48	1002.06	346.81	0.2417,0.3783,0.6614,0.3422,0.3371,0.4054,0.4495,0.5135,0.0834
sec_contact_asym_mig_size_three_epoch	Round_4_Replicate_3	-1045.51	2109.02	2473.03	300.46	0.2807,0.319,0.8417,0.5373,1.0087,0.3816,0.188,0.462,0.1006
sec_contact_asym_mig_size_three_epoch	Round_4_Replicate_4	-720.06	1458.12	893.17	386.12	0.2267,0.3039,0.3511,0.5786,0.6057,0.2226,0.3479,0.1591,0.0531
sec_contact_asym_mig_size_three_epoch	Round_4_Replicate_5	-864.29	1746.58	2786.85	453.96	0.1683,0.2408,0.3112,0.2519,0.3612,0.2068,0.3248,0.599,0.1261
sec_contact_asym_mig_size_three_epoch	Round_4_Replicate_6	-733.47	1484.94	1081.84	359.89	0.1697,0.2877,0.6339,0.4231,0.6142,0.2362,0.1874,0.2624,0.1533
sec_contact_asym_mig_size_three_epoch	Round_4_Replicate_7	-655.88	1329.76	912.92	427.95	0.3411,0.331,0.323,0.3349,0.674,0.3515,0.1913,0.1942,0.1117
sec_contact_asym_mig_size_three_epoch	Round_4_Replicate_8	-760.09	1538.18	1048.32	287.22	0.2597,0.6043,0.5851,0.6529,0.9939,0.1315,0.3855,0.5638,0.1753
sec_contact_asym_mig_size_three_epoch	Round_4_Replicate_9	-711.47	1440.94	903.14	358.51	0.3361,0.318,0.3731,0.5711,0.586,0.2312,0.2602,0.2615,0.1015
sec_contact_asym_mig_size_three_epoch	Round_4_Replicate_10	-733.36	1484.72	1043.8	391.14	0.1268,0.5192,0.6858,0.2881,0.4332,0.2287,0.2172,0.3603,0.0499
sec_contact_asym_mig_size_three_epoch	Round_4_Replicate_11	-755.38	1528.76	990.41	344.9	0.1219,0.3354,0.4167,0.6157,0.8732,0.2683,0.2072,0.3497,0.1412
sec_contact_asym_mig_size_three_epoch	Round_4_Replicate_12	-747.77	1513.54	962.21	285.07	0.261,0.4269,0.6599,0.5808,0.5931,0.3883,0.6179,0.6207,0.1172
sec_contact_asym_mig_size_three_epoch	Round_4_Replicate_13	-782.74	1583.48	1158.51	290.62	0.2466,0.5759,0.8397,0.4567,0.7134,0.1858,0.6245,0.5085,0.1182
sec_contact_asym_mig_size_three_epoch	Round_4_Replicate_14	-771.67	1561.34	1728.41	447.69	0.1572,0.3079,0.3993,0.2904,0.4168,0.1449,0.358,0.1807,0.091
sec_contact_asym_mig_size_three_epoch	Round_4_Replicate_15	-913.3	1844.6	1648.66	364.37	0.1915,0.181,0.8093,0.2609,0.7226,0.452,0.1718,0.5807,0.0858
sec_contact_asym_mig_size_three_epoch	Round_4_Replicate_16	-750.88	1519.76	1267.71	405.12	0.1853,0.3299,0.6352,0.2549,0.4189,0.3506,0.4768,0.2822,0.0648
sec_contact_asym_mig_size_three_epoch	Round_4_Replicate_17	-741.91	1501.82	1064.35	364.74	0.1791,0.4075,0.4585,0.5048,0.4944,0.2291,0.2042,0.1836,0.1329
sec_contact_asym_mig_size_three_epoch	Round_4_Replicate_18	-783.06	1584.12	1128.48	360.48	0.2194,0.3734,0.9214,0.3149,0.3552,0.3243,0.2666,0.2691,0.0672
sec_contact_asym_mig_size_three_epoch	Round_4_Replicate_19	-728.43	1474.86	1103.36	405.76	0.0957,0.2437,0.517,0.3392,1.135,0.3914,0.5572,0.2366,0.1072
sec_contact_asym_mig_size_three_epoch	Round_4_Replicate_20	-685.5	1389.0	926.33	309.41	0.3488,0.3422,0.5661,0.5209,0.3157,0.2978,0.3223,0.6867,0.1233
sec_contact_asym_mig_size_three_epoch	Round_4_Replicate_21	-759.03	1536.06	992.22	353.71	0.3309,0.3613,0.3061,0.6436,1.1865,0.3948,0.2921,0.2644,0.1541
sec_contact_asym_mig_size_three_epoch	Round_4_Replicate_22	-721.67	1461.34	886.2	382.59	0.2621,0.5516,0.2754,0.5021,1.0935,0.2075,0.2326,0.3116,0.084
sec_contact_asym_mig_size_three_epoch	Round_4_Replicate_23	-747.5	1513.0	944.0	325.8	0.1051,0.6173,0.514,0.5781,1.1063,0.3014,0.4742,0.266,0.1291
sec_contact_asym_mig_size_three_epoch	Round_4_Replicate_24	-679.04	1376.08	980.31	394.0	0.3065,0.1554,0.4338,0.3539,0.3681,0.3109,0.5503,0.3544,0.0451
sec_contact_asym_mig_size_three_epoch	Round_4_Replicate_25	-735.37	1488.74	1037.51	341.75	0.2069,0.1854,0.5653,0.569,0.5238,0.3125,0.2547,0.3198,0.1487
sec_contact_asym_mig_size_three_epoch	Round_4_Replicate_26	-799.48	1616.96	1440.78	351.29	0.0742,0.5086,0.8898,0.3148,0.3708,0.3644,0.3704,0.3929,0.1472
sec_contact_asym_mig_size_three_epoch	Round_4_Replicate_27	-813.53	1645.06	1251.8	365.05	0.1231,0.1826,0.6235,0.3846,0.8618,0.1809,0.2729,0.5721,0.0629
sec_contact_asym_mig_size_three_epoch	Round_4_Replicate_28	-873.54	1765.08	1549.58	384.71	0.2986,0.2571,0.6068,0.2543,1.0448,0.4298,0.4739,0.5476,0.0722
sec_contact_asym_mig_size_three_epoch	Round_4_Replicate_29	-688.76	1395.52	1069.38	378.0	0.199,0.2383,0.3767,0.4646,0.8292,0.1738,0.4001,0.4393,0.1297
sec_contact_asym_mig_size_three_epoch	Round_4_Replicate_30	-680.63	1379.26	885.04	391.07	0.2342,0.3959,0.3804,0.4224,1.2917,0.3792,0.3418,0.1811,0.1304
sec_contact_asym_mig_size_three_epoch	Round_4_Replicate_31	-765.7	1549.4	1046.69	308.29	0.2897,0.4917,0.4351,0.6591,1.2979,0.5066,0.2561,0.6424,0.2463
sec_contact_asym_mig_size_three_epoch	Round_4_Replicate_32	-719.03	1456.06	1205.82	396.6	0.0943,0.2825,0.3368,0.4131,0.3524,0.4471,0.1924,0.6587,0.1244
sec_contact_asym_mig_size_three_epoch	Round_4_Replicate_33	-658.4	1334.8	854.77	405.9	0.195,0.2345,0.3141,0.4082,1.0686,0.284,0.4549,0.6576,0.1026
sec_contact_asym_mig_size_three_epoch	Round_4_Replicate_34	-672.59	1363.18	925.36	362.74	0.161,0.4681,0.4861,0.3768,0.6787,0.4249,0.5213,0.4436,0.1202
sec_contact_asym_mig_size_three_epoch	Round_4_Replicate_35	-856.4	1730.8	1199.26	313.01	0.232,0.1905,0.822,0.6423,0.382,0.4283,0.2221,0.3152,0.0848
sec_contact_asym_mig_size_three_epoch	Round_4_Replicate_36	-715.03	1448.06	1067.95	342.35	0.2943,0.6129,0.4927,0.486,0.4504,0.1666,0.2598,0.2271,0.1583
sec_contact_asym_mig_size_three_epoch	Round_4_Replicate_37	-654.18	1326.36	927.67	475.57	0.2114,0.2801,0.3164,0.2603,1.0603,0.2165,0.1801,0.2088,0.0776
sec_contact_asym_mig_size_three_epoch	Round_4_Replicate_38	-765.27	1548.54	1156.4	388.76	0.2315,0.3047,0.8361,0.2852,0.4675,0.3993,0.2813,0.1646,0.0893
sec_contact_asym_mig_size_three_epoch	Round_4_Replicate_39	-717.43	1452.86	1236.85	407.49	0.2337,0.2704,0.4668,0.2581,0.3733,0.1897,0.3102,0.6471,0.0387
sec_contact_asym_mig_size_three_epoch	Round_4_Replicate_40	-760.16	1538.32	1053.35	339.87	0.2152,0.2934,0.697,0.5606,0.6274,0.1814,0.4314,0.2097,0.0987
